45.9
46
46.8
45.6
47.2
53.2
57.7
49.1
56.4
64.2
74.2
77.4
67.1
64.3
69
88.3
52.4
56.5
56.6
53.8
86.2
59.5
62.9
89.9
76.4
61
63.5
83
85.1
75.4
73.2
74.5
64.6
93.9
67.4
57.9
81.3
61.6
63.9
71.7
68.1
82.8
76.2
93.3
67.1
70.8
73.3
71.9
64.2
59.4
64.3
63.7
45.9
81.6
70.5
94.9
76.6
88.9
75.2
68.3
66.6
83.8
59.4
90.7
80.4
81.4
77.5
73.1
80.9
85.4
90.9
88
95.1
76.2
86.7
73.5
97.8
85.1
66.2
80.8
88.4
92.8
97
88.1
96.9
92.8
80
88.6
96.7
99
84.8
89.1
85.5
88.6
93.5
75.9
97.3
76.1
85.7
95.1
77.3
94.8
77.9
62.1
60.8
60
72.6
85.4
85.4
91.4
95.1
73.8
87
75.3
79.3
68.4
91.7
88.4
89.6
89
78.6
87.3
74.4
79.8
91.2
80.6
90.5
93.8
84.7
82.9
84.8
88.7
85.1
96.9
85.8
78.5
83.1
84.6
84.3
86
84.7
82.7
90.7
86.2
92.7
87
90
86.7
88.7
86.7
98
91.7
98.7
98.6
98.8
99
99
94.1
89.8
89
94.6
95
90.4
89.2
80.3
82.4
95.9
82.4
95.5
98
97.3
96.2
90.4
80.9
70.1
84.8
90.7
80.5
81.5
98
74.3
75.1
76.6
66.4
74.4
73.2
76.1
87.1
68.4
89.3
84.7
79.7
88.2
73.6
83.7
89.3
82.1
57
45.2
91.3
81.2
80.2
97
98.1
99
87.3
93.2
79.2
77.4
80.4
97
96.5
81.3
86.7
92.3
79.3
96.6
92.5
85.1
86.1
72.8
94.9
71.8
71.6
75.8
77.5
95.9
82
63.6
70.4
70.2
62.7
72.9
67.2
80.2
67.9
69.9
87.5
65.6
68.1
64.4
69.2
59.2
53.9
94.6
71.5
75.6
85.6
75.5
91.4
62.9
74.6
85.1
69.2
73.5
68.5
83.8
66.2
55.7
64.8
52.9
60.6
66.9
70.5
54.3
61.2
78.6
61.6
56.5
80.1
58.4
57
60
67.8
61.9
69.5
96.9
89.6
70.6
63.1
82.2
54.6
75.1
59.3
48.4
65.2
75.6
80.8
67.6
57.9
92.6
71.7
73.7
77.4
72
80
95.8
81
87.5
87
89
83.4
74.5
51.4
59.1
57.9
70.4
74.2
83.5
62.9
96.8
91.2
66.9
94
80.2
66
54.3
63.9
75
66.2
66.7
82.4
69.8
55.6
77.5
75.3
81.1
69.7
97.6
71.2
76.7
65.9
94.5
64.4
69.6
79.6
94
77.6
90.9
87.7
66
79
59.5
80.9
98
86.3
83
84.6
80.9
75.8
76.3
59.1
63.4
77.9
72.5
78.3
82.8
98
69.2
96.1
72.4
87.7
67.6
50.3
97.7
97.6
81.5
91
67.2
95.9
97.1
79.1
58.3
64.1
63.5
55.4
61.9
77
67.5
79.2
62.1
65.8
68.5
57.7
56.8
44.6
58.2
69.5
65.6
97.4
78.7
73.4
74.5
69.3
68.5
81.2
77.5
77.3
83.1
77.5
63.9
74
78.6
67.4
79
68.9
76.3
76.5
64.5
85.6
80.4
86.9
93.5
87.6
74.7
83.1
64.2
76.3
82.9
78.7
73.6
91.4
82.8
97.2
70.2
71.5
78.7
72.6
61.1
91.8
79.7
88.8
90.9
97.3
82.7
91.1
91.1
76.9
74
73
80.2
76.2
88.9
72.7
75.2
87.1
94
96.9
92.4
69.4
77.1
82.5
83.4
80
86.7
96.4
97.1
75.8
76.3
86
77.4
78.2
81.8
67.4
89
81.2
67.1
89.2
91.7
94.9
93.7
96.8
97.2
90.9
77.4
93.8
85.8
96.9
99
94.2
77.4
89.5
82
81.3
81.2
95.8
88.3
93.8
76.9
97
95.3
75.5
72.4
80.7
93.8
97.8
83
81.7
93.5
84.3
87.2
96.8
94.5
98.8
97.9
91.4
97
93.4
89.4
93.8
76.9
90.8
93.7
97.5
87.1
84.6
98.8
81.8
86.7
81.6
90.4
85.8
90.4
98.8
89
90.5
92
96.7
88.4
93.8
92.4
85.9
89.5
65.7
75.9
76.2
80.5
98.1
89.9
72.5
79.2
64.8
79.9
78.2
87.3
85.2
68.1
95.4
85.6
71.6
57
64.6
60.2
72.3
92.5
80.3
72.4
65.9
65.1
90.1
95.1
88.3
87.3
89.5
88.8
73.3
65.7
69.2
66
92.4
62.3
62
66.8
60.9
78.7
76.8
68.9
86.7
70.5
87.6
83.7
63.4
78.3
69.7
94.3
90
55.5
51.6
61.4
82.3
70.8
59.6
75.5
79.1
71.4
83.1
65.2
89.9
85.2
65.9
77.2
63.8
85.1
85.3
85.9
84.5
76.9
67.2
67
70.9
81.5
83.1
68.9
78.6
66.2
65.2
89.3
62.7
70
76.3
97.5
80.6
74.8
70.2
82.2
85.3
62.9
73.5
84.3
85.7
79.8
67
70.4
64.7
86.2
94.1
56.8
62.3
56.3
75.4
62.7
43
59.6
68.1
63.8
79.8
95.2
89.1
60.2
56
52.9
64.7
57.3
75.3
69.2
96.3
68.4
93.2
98.7
76.3
66.8
82.1
76.5
95.2
65.9
69.9
72.2
69.2
59.5
48.6
64.2
64.2
89.3
68.3
57.1
58.6
55.3
56.4
90.6
62.9
64.2
97.2
61.9
57.7
60.1
74.9
68
79.8
69.4
69.8
64.3
60.5
82
82.2
61
68.1
89.3
82.8
68.3
97
82.6
88.3
71.9
60.4
86.8
70
67.4
84.7
83.3
78.4
65.5
64
80.8
73.2
64.8
62.4
61.9
57.3
60.7
78.2
68.7
75.8
76.5
78.7
75.4
78.9
98
88.5
72.4
79.9
95.8
85.1
77.7
84.4
95.4
68.6
66
77
81.7
85.2
82.1
75.8
83.5
72.5
63.1
76.4
85.5
85.9
85
84.1
76.5
77.6
95.8
83.5
82.9
78.9
97.2
98
98.6
93.3
82
97.6
78.4
85.3
95.5
82.5
85.4
72.6
70.6
76.1
66
68.8
67.8
66.7
85.1
87.4
81.5
79.4
79.3
90.2
80.3
74.3
88.3
67.9
73.3
66.7
85
98.5
90
95.3
75.4
91.8
72.4
78.2
84
90.3
92.1
93.9
75
77.6
82.9
87.7
79.5
71.7
80.1
84.8
77.3
85.1
90.3
76.8
86.5
87.5
87.4
83.4
89.8
93.7
92.4
98.3
96.9
98.7
90.4
89.5
90.3
96.6
79
81.3
98.1
89.8
90.7
95.4
98.5
86.3
85.2
78.7
77.2
65.3
88.9
76.5
77.2
91.9
94
97.6
98.3
94.6
82.6
92.4
88.6
84.2
92.9
84.2
88.9
98.8
92.8
89.3
90.8
98
98
96
94.4
99
82
88.7
89.6
93.6
87
93.4
92.6
81
84.9
83.5
87.2
88.6
84.6
86
97
97.8
95.8
78.6
88.8
89.5
73
91.9
98.6
85.3
97.7
91.2
98
97.4
98.2
90.6
93.2
81.9
81.7
91.4
90.1
90.5
82.2
82.5
90.5
85.3
91.3
98.7
99.5
95.7
92.1
78.5
74.8
96.7
94.6
90
98
94.3
84
85.9
99
81.4
88.1
84.7
80.2
86.6
89.1
71.8
94.6
89.5
70.6
79
77.9
74.2
79.1
92.8
86.1
83.4
78.2
88.7
76.1
73.9
93.1
70.6
74.7
74.9
75
84.8
66.3
86.3
79.5
79.4
92.4
63.5
67.2
71.5
79.8
80.7
73
66.2
67.9
72
80.4
62.3
79.3
76.2
65.6
71.2
58.5
76.5
74.5
62.4
85.1
90.2
67.1
62.9
73.8
72.6
66.2
97.2
91.6
71.4
79.5
76.9
78.1
94.8
97.4
97.5
74
71.8
57.9
56.6
65.2
73
57.2
70.9
61
92
77.9
68.5
93.9
71.2
70.1
60.4
88
78.6
79.1
60.2
65.4
62.5
58.4
58.9
55
93.7
94.7
97.1
83.2
89
79.5
89.3
71.3
80.5
79.4
68.7
51.1
65.8
59.4
90.3
76.7
65.3
52.1
61.2
47.5
37.2
66.5
53.4
67.3
98
93.9
71.9
70.4
80.2
76.9
57.4
66.6
53.4
62.9
62.4
84
67.6
66.4
77.6
78.9
84.6
63.6
51.6
70.6
94
78.5
68.2
64
79.3
62.1
57.3
88.2
66.6
73.9
84.9
88.8
81.4
64.9
60.8
95.4
74.1
75.5
78.6
82.9
74.4
91.4
66.5
84.5
68.9
97.9
82.6
79.6
78.3
64.5
84.5
85.3
71.1
97.7
79.9
69.1
97.6
69
72.9
98.3
88.4
63.5
69.4
60.4
59.6
90.8
83.2
94.9
67.5
74.7
81.8
75.6
74.2
77.5
72.6
79
71.3
70
77.5
90.9
78.1
93.6
72.5
73
70.5
90.7
89.9
83.5
89.7
72.4
69.8
79.4
70.1
82.9
86.2
68.6
65.9
65.6
61.2
70.4
74.7
79.2
72.9
71.6
67.1
71.5
60
78.9
80.9
75.3
69.5
81.8
74.8
80.4
80.2
80.4
83.7
68.4
78.2
78.7
74.9
75
96.4
69
75.8
79.2
82.9
96.2
70
72.1
74.3
97.5
72.6
68.9
78
79.6
94.4
93.3
91.9
92.4
97.1
76.9
78.9
95
83.7
90.8
88.3
85.8
87.6
76.5
86.5
81
81.6
93.4
83.2
92.4
92.1
98.5
99.1
92.9
97
87
91.1
84.9
80.5
90.4
81.9
80.1
97.2
89.7
86.7
86.5
87.1
83.9
87.7
89.6
95.6
85.1
91.9
98
83.6
87.2
94.7
80
93
92.6
99
86.7
98
97.9
90.2
91.5
98.2
97.8
86
84.3
85.8
84.4
85.4
97.3
97.6
98.2
97.7
93.5
85.9
96.9
89
98
81.3
89.6
87.5
87.7
87.8
96.7
95.3
85.5
87.5
89.9
94
97.6
93.6
96.5
98.1
99
98.6
88.6
99.1
94.8
95.4
94.5
99
94.8
88.1
91.9
80.3
90.2
87.8
81.7
75.5
90.5
88.4
94.9
86.2
99
92.6
98.7
96.9
87.5
82.9
71.4
71.5
89.2
83
79.2
97.7
88.3
98
93.2
88.2
88.1
91.7
89.4
84.5
98.2
96.5
82.4
94.2
89.7
68.9
63.9
81.5
72.9
77.2
85.8
62.2
54.5
63.9
76.7
70.3
89.1
80.9
67.8
63.3
57.2
82.2
64.3
74.3
95.5
69.9
82.1
86.8
86.5
75.8
83.5
73.9
73.6
95.2
86.2
87.5
85.1
91.9
79.7
65
82.3
69.4
82.2
62.4
63
55.1
60.3
74.6
64.7
75.1
82.5
66.1
57.9
56
65.6
45.9
46
46.8
45.6
47.2
53.2
57.7
49.1
56.4
64.2
74.2
77.4
67.1
64.3
69
88.3
52.4
56.5
56.6
53.8
86.2
59.5
62.9
89.9
76.4
61
63.5
83
85.1
75.4
73.2
74.5
64.6
93.9
67.4
57.9
81.3
61.6
63.9
71.7
68.1
82.8
76.2
93.3
67.1
70.8
73.3
71.9
64.2
59.4
64.3
63.7
45.9
81.6
70.5
94.9
76.6
88.9
75.2
68.3
66.6
83.8
59.4
90.7
80.4
81.4
77.5
73.1
80.9
85.4
90.9
88
95.1
76.2
86.7
73.5
97.8
85.1
66.2
80.8
88.4
92.8
97
88.1
96.9
92.8
80
88.6
96.7
99
84.8
89.1
85.5
88.6
93.5
75.9
97.3
76.1
85.7
95.1
77.3
94.8
77.9
62.1
60.8
60
72.6
85.4
85.4
91.4
95.1
73.8
87
75.3
79.3
68.4
91.7
88.4
89.6
89
78.6
87.3
74.4
79.8
91.2
80.6
90.5
93.8
84.7
82.9
84.8
88.7
85.1
96.9
85.8
78.5
83.1
84.6
84.3
86
84.7
82.7
90.7
86.2
92.7
87
90
86.7
88.7
86.7
98
91.7
98.7
98.6
98.8
99
99
94.1
89.8
89
94.6
95
90.4
89.2
80.3
82.4
95.9
82.4
95.5
98
97.3
96.2
90.4
80.9
70.1
84.8
90.7
80.5
81.5
98
74.3
75.1
76.6
66.4
74.4
73.2
76.1
87.1
68.4
89.3
84.7
79.7
88.2
73.6
83.7
89.3
82.1
57
45.2
91.3
81.2
80.2
97
98.1
99
87.3
93.2
79.2
77.4
80.4
97
96.5
81.3
86.7
92.3
79.3
96.6
92.5
85.1
86.1
72.8
94.9
71.8
71.6
75.8
77.5
95.9
82
63.6
70.4
70.2
62.7
72.9
67.2
80.2
67.9
69.9
87.5
65.6
68.1
64.4
69.2
59.2
53.9
94.6
71.5
75.6
85.6
75.5
91.4
62.9
74.6
85.1
69.2
73.5
68.5
83.8
66.2
55.7
64.8
52.9
60.6
66.9
70.5
54.3
61.2
78.6
61.6
56.5
80.1
58.4
57
60
67.8
61.9
69.5
96.9
89.6
70.6
63.1
82.2
54.6
75.1
59.3
48.4
65.2
75.6
80.8
67.6
57.9
92.6
71.7
73.7
77.4
72
80
95.8
81
87.5
87
89
83.4
74.5
51.4
59.1
57.9
70.4
74.2
83.5
62.9
96.8
91.2
66.9
94
80.2
66
54.3
63.9
75
66.2
66.7
82.4
69.8
55.6
77.5
75.3
81.1
69.7
97.6
71.2
76.7
65.9
94.5
64.4
69.6
79.6
94
77.6
90.9
87.7
66
79
59.5
80.9
98
86.3
83
84.6
80.9
75.8
76.3
59.1
63.4
77.9
72.5
78.3
82.8
98
69.2
96.1
72.4
87.7
67.6
50.3
97.7
97.6
81.5
91
67.2
95.9
97.1
79.1
58.3
64.1
63.5
55.4
61.9
77
67.5
79.2
62.1
65.8
68.5
57.7
56.8
44.6
58.2
69.5
65.6
97.4
78.7
73.4
74.5
69.3
68.5
81.2
77.5
77.3
83.1
77.5
63.9
74
78.6
67.4
79
68.9
76.3
76.5
64.5
85.6
80.4
86.9
93.5
87.6
74.7
83.1
64.2
76.3
82.9
78.7
73.6
91.4
82.8
97.2
70.2
71.5
78.7
72.6
61.1
91.8
79.7
88.8
90.9
97.3
82.7
91.1
91.1
76.9
74
73
80.2
76.2
88.9
72.7
75.2
87.1
94
96.9
92.4
69.4
77.1
82.5
83.4
80
86.7
96.4
97.1
75.8
76.3
86
77.4
78.2
81.8
67.4
89
81.2
67.1
89.2
91.7
94.9
93.7
96.8
97.2
90.9
77.4
93.8
85.8
96.9
99
94.2
77.4
89.5
82
81.3
81.2
95.8
88.3
93.8
76.9
97
95.3
75.5
72.4
80.7
93.8
97.8
83
81.7
93.5
84.3
87.2
96.8
94.5
98.8
97.9
91.4
97
93.4
89.4
93.8
76.9
90.8
93.7
97.5
87.1
84.6
98.8
81.8
86.7
81.6
90.4
85.8
90.4
98.8
89
90.5
92
96.7
88.4
93.8
92.4
85.9
89.5
65.7
75.9
76.2
80.5
98.1
89.9
72.5
79.2
64.8
79.9
78.2
87.3
85.2
68.1
95.4
85.6
71.6
57
64.6
60.2
72.3
92.5
80.3
72.4
65.9
65.1
90.1
95.1
88.3
87.3
89.5
88.8
73.3
65.7
69.2
66
92.4
62.3
62
66.8
60.9
78.7
76.8
68.9
86.7
70.5
87.6
83.7
63.4
78.3
69.7
94.3
90
55.5
51.6
61.4
82.3
70.8
59.6
75.5
79.1
71.4
83.1
65.2
89.9
85.2
65.9
77.2
63.8
85.1
85.3
85.9
84.5
76.9
67.2
67
70.9
81.5
83.1
68.9
78.6
66.2
65.2
89.3
62.7
70
76.3
97.5
80.6
74.8
70.2
82.2
85.3
62.9
73.5
84.3
85.7
79.8
67
70.4
64.7
86.2
94.1
56.8
62.3
56.3
75.4
62.7
43
59.6
68.1
63.8
79.8
95.2
89.1
60.2
56
52.9
64.7
57.3
75.3
69.2
96.3
68.4
93.2
98.7
76.3
66.8
82.1
76.5
95.2
65.9
69.9
72.2
69.2
59.5
48.6
64.2
64.2
89.3
68.3
57.1
58.6
55.3
56.4
90.6
62.9
64.2
97.2
61.9
57.7
60.1
74.9
68
79.8
69.4
69.8
64.3
60.5
82
82.2
61
68.1
89.3
82.8
68.3
97
82.6
88.3
71.9
60.4
86.8
70
67.4
84.7
83.3
78.4
65.5
64
80.8
73.2
64.8
62.4
61.9
57.3
60.7
78.2
68.7
75.8
76.5
78.7
75.4
78.9
98
88.5
72.4
79.9
95.8
85.1
77.7
84.4
95.4
68.6
66
77
81.7
85.2
82.1
75.8
83.5
72.5
63.1
76.4
85.5
85.9
85
84.1
76.5
77.6
95.8
83.5
82.9
78.9
97.2
98
98.6
93.3
82
97.6
78.4
85.3
95.5
82.5
85.4
72.6
70.6
76.1
66
68.8
67.8
66.7
85.1
87.4
81.5
79.4
79.3
90.2
80.3
74.3
88.3
67.9
73.3
66.7
85
98.5
90
95.3
75.4
91.8
72.4
78.2
84
90.3
92.1
93.9
75
77.6
82.9
87.7
79.5
71.7
80.1
84.8
77.3
85.1
90.3
76.8
86.5
87.5
87.4
83.4
89.8
93.7
92.4
98.3
96.9
98.7
90.4
89.5
90.3
96.6
79
81.3
98.1
89.8
90.7
95.4
98.5
86.3
85.2
78.7
77.2
65.3
88.9
76.5
77.2
91.9
94
97.6
98.3
94.6
82.6
92.4
88.6
84.2
92.9
84.2
88.9
98.8
92.8
89.3
90.8
98
98
96
94.4
99
82
88.7
89.6
93.6
87
93.4
92.6
81
84.9
83.5
87.2
88.6
84.6
86
97
97.8
95.8
78.6
88.8
89.5
73
91.9
98.6
85.3
97.7
91.2
98
97.4
98.2
90.6
93.2
81.9
81.7
91.4
90.1
90.5
82.2
82.5
90.5
85.3
91.3
98.7
99.5
95.7
92.1
78.5
74.8
96.7
94.6
90
98
94.3
84
85.9
99
81.4
88.1
84.7
80.2
86.6
89.1
71.8
94.6
89.5
70.6
79
77.9
74.2
79.1
92.8
86.1
83.4
78.2
88.7
76.1
73.9
93.1
70.6
74.7
74.9
75
84.8
66.3
86.3
79.5
79.4
92.4
63.5
67.2
71.5
79.8
80.7
73
66.2
67.9
72
80.4
62.3
79.3
76.2
65.6
71.2
58.5
76.5
74.5
62.4
85.1
90.2
67.1
62.9
73.8
72.6
66.2
97.2
91.6
71.4
79.5
76.9
78.1
94.8
97.4
97.5
74
71.8
57.9
56.6
65.2
73
57.2
70.9
61
92
77.9
68.5
93.9
71.2
70.1
60.4
88
78.6
79.1
60.2
65.4
62.5
58.4
58.9
55
93.7
94.7
97.1
83.2
89
79.5
89.3
71.3
80.5
79.4
68.7
51.1
65.8
59.4
90.3
76.7
65.3
52.1
61.2
47.5
37.2
66.5
53.4
67.3
98
93.9
71.9
70.4
80.2
76.9
57.4
66.6
53.4
62.9
62.4
84
67.6
66.4
77.6
78.9
84.6
63.6
51.6
70.6
94
78.5
68.2
64
79.3
62.1
57.3
88.2
66.6
73.9
84.9
88.8
81.4
64.9
60.8
95.4
74.1
75.5
78.6
82.9
74.4
91.4
66.5
84.5
68.9
97.9
82.6
79.6
78.3
64.5
84.5
85.3
71.1
97.7
79.9
69.1
97.6
69
72.9
98.3
88.4
63.5
69.4
60.4
59.6
90.8
83.2
94.9
67.5
74.7
81.8
75.6
74.2
77.5
72.6
79
71.3
70
77.5
90.9
78.1
93.6
72.5
73
70.5
90.7
89.9
83.5
89.7
72.4
69.8
79.4
70.1
82.9
86.2
68.6
65.9
65.6
61.2
70.4
74.7
79.2
72.9
71.6
67.1
71.5
60
78.9
80.9
75.3
69.5
81.8
74.8
80.4
80.2
80.4
83.7
68.4
78.2
78.7
74.9
75
96.4
69
75.8
79.2
82.9
96.2
70
72.1
74.3
97.5
72.6
68.9
78
79.6
94.4
93.3
91.9
92.4
97.1
76.9
78.9
95
83.7
90.8
88.3
85.8
87.6
76.5
86.5
81
81.6
93.4
83.2
92.4
92.1
98.5
99.1
92.9
97
87
91.1
84.9
80.5
90.4
81.9
80.1
97.2
89.7
86.7
86.5
87.1
83.9
87.7
89.6
95.6
85.1
91.9
98
83.6
87.2
94.7
80
93
92.6
99
86.7
98
97.9
90.2
91.5
98.2
97.8
86
84.3
85.8
84.4
85.4
97.3
97.6
98.2
97.7
93.5
85.9
96.9
89
98
81.3
89.6
87.5
87.7
87.8
96.7
95.3
85.5
87.5
89.9
94
97.6
93.6
96.5
98.1
99
98.6
88.6
99.1
94.8
95.4
94.5
99
94.8
88.1
91.9
80.3
90.2
87.8
81.7
75.5
90.5
88.4
94.9
86.2
99
92.6
98.7
96.9
87.5
82.9
71.4
71.5
89.2
83
79.2
97.7
88.3
98
93.2
88.2
88.1
91.7
89.4
84.5
98.2
96.5
82.4
94.2
89.7
68.9
63.9
81.5
72.9
77.2
85.8
62.2
54.5
63.9
76.7
70.3
89.1
80.9
67.8
63.3
57.2
82.2
64.3
74.3
95.5
69.9
82.1
86.8
86.5
75.8
83.5
73.9
73.6
95.2
86.2
87.5
85.1
91.9
79.7
65
82.3
69.4
82.2
62.4
63
55.1
60.3
74.6
64.7
75.1
82.5
66.1
57.9
56
65.6
45.9
46
46.8
45.6
47.2
53.2
57.7
49.1
56.4
64.2
74.2
77.4
67.1
64.3
69
88.3
52.4
56.5
56.6
53.8
86.2
59.5
62.9
89.9
76.4
61
63.5
83
85.1
75.4
73.2
74.5
64.6
93.9
67.4
57.9
81.3
61.6
63.9
71.7
68.1
82.8
76.2
93.3
67.1
70.8
73.3
71.9
64.2
59.4
64.3
63.7
45.9
81.6
70.5
94.9
76.6
88.9
75.2
68.3
66.6
83.8
59.4
90.7
80.4
81.4
77.5
73.1
80.9
85.4
90.9
88
95.1
76.2
86.7
73.5
97.8
85.1
66.2
80.8
88.4
92.8
97
88.1
96.9
92.8
80
88.6
96.7
99
84.8
89.1
85.5
88.6
93.5
75.9
97.3
76.1
85.7
95.1
77.3
94.8
77.9
62.1
60.8
60
72.6
85.4
85.4
91.4
95.1
73.8
87
75.3
79.3
68.4
91.7
88.4
89.6
89
78.6
87.3
74.4
79.8
91.2
80.6
90.5
93.8
84.7
82.9
84.8
88.7
85.1
96.9
85.8
78.5
83.1
84.6
84.3
86
84.7
82.7
90.7
86.2
92.7
87
90
86.7
88.7
86.7
98
91.7
98.7
98.6
98.8
99
99
94.1
89.8
89
94.6
95
90.4
89.2
80.3
82.4
95.9
82.4
95.5
98
97.3
96.2
90.4
80.9
70.1
84.8
90.7
80.5
81.5
98
74.3
75.1
76.6
66.4
74.4
73.2
76.1
87.1
68.4
89.3
84.7
79.7
88.2
73.6
83.7
89.3
82.1
57
45.2
91.3
81.2
80.2
97
98.1
99
87.3
93.2
79.2
77.4
80.4
97
96.5
81.3
86.7
92.3
79.3
96.6
92.5
85.1
86.1
72.8
94.9
71.8
71.6
75.8
77.5
95.9
82
63.6
70.4
70.2
62.7
72.9
67.2
80.2
67.9
69.9
87.5
65.6
68.1
64.4
69.2
59.2
53.9
94.6
71.5
75.6
85.6
75.5
91.4
62.9
74.6
85.1
69.2
73.5
68.5
83.8
66.2
55.7
64.8
52.9
60.6
66.9
70.5
54.3
61.2
78.6
61.6
56.5
80.1
58.4
57
60
67.8
61.9
69.5
96.9
89.6
70.6
63.1
82.2
54.6
75.1
59.3
48.4
65.2
75.6
80.8
67.6
57.9
92.6
71.7
73.7
77.4
72
80
95.8
81
87.5
87
89
83.4
74.5
51.4
59.1
57.9
70.4
74.2
83.5
62.9
96.8
91.2
66.9
94
80.2
66
54.3
63.9
75
66.2
66.7
82.4
69.8
55.6
77.5
75.3
81.1
69.7
97.6
71.2
76.7
65.9
94.5
64.4
69.6
79.6
94
77.6
90.9
87.7
66
79
59.5
80.9
98
86.3
83
84.6
80.9
75.8
76.3
59.1
63.4
77.9
72.5
78.3
82.8
98
69.2
96.1
72.4
87.7
67.6
50.3
97.7
97.6
81.5
91
67.2
95.9
97.1
79.1
58.3
64.1
63.5
55.4
61.9
77
67.5
79.2
62.1
65.8
68.5
57.7
56.8
44.6
58.2
69.5
65.6
97.4
78.7
73.4
74.5
69.3
68.5
81.2
77.5
77.3
83.1
77.5
63.9
74
78.6
67.4
79
68.9
76.3
76.5
64.5
85.6
80.4
86.9
93.5
87.6
74.7
83.1
64.2
76.3
82.9
78.7
73.6
91.4
82.8
97.2
70.2
71.5
78.7
72.6
61.1
91.8
79.7
88.8
90.9
97.3
82.7
91.1
91.1
76.9
74
73
80.2
76.2
88.9
72.7
75.2
87.1
94
96.9
92.4
69.4
77.1
82.5
83.4
80
86.7
96.4
97.1
75.8
76.3
86
77.4
78.2
81.8
67.4
89
81.2
67.1
89.2
91.7
94.9
93.7
96.8
97.2
90.9
77.4
93.8
85.8
96.9
99
94.2
77.4
89.5
82
81.3
81.2
95.8
88.3
93.8
76.9
97
95.3
75.5
72.4
80.7
93.8
97.8
83
81.7
93.5
84.3
87.2
96.8
94.5
98.8
97.9
91.4
97
93.4
89.4
93.8
76.9
90.8
93.7
97.5
87.1
84.6
98.8
81.8
86.7
81.6
90.4
85.8
90.4
98.8
89
90.5
92
96.7
88.4
93.8
92.4
85.9
89.5
65.7
75.9
76.2
80.5
98.1
89.9
72.5
79.2
64.8
79.9
78.2
87.3
85.2
68.1
95.4
85.6
71.6
57
64.6
60.2
72.3
92.5
80.3
72.4
65.9
65.1
90.1
95.1
88.3
87.3
89.5
88.8
73.3
65.7
69.2
66
92.4
62.3
62
66.8
60.9
78.7
76.8
68.9
86.7
70.5
87.6
83.7
63.4
78.3
69.7
94.3
90
55.5
51.6
61.4
82.3
70.8
59.6
75.5
79.1
71.4
83.1
65.2
89.9
85.2
65.9
77.2
63.8
85.1
85.3
85.9
84.5
76.9
67.2
67
70.9
81.5
83.1
68.9
78.6
66.2
65.2
89.3
62.7
70
76.3
97.5
80.6
74.8
70.2
82.2
85.3
62.9
73.5
84.3
85.7
79.8
67
70.4
64.7
86.2
94.1
56.8
62.3
56.3
75.4
62.7
43
59.6
68.1
63.8
79.8
95.2
89.1
60.2
56
52.9
64.7
57.3
75.3
69.2
96.3
68.4
93.2
98.7
76.3
66.8
82.1
76.5
95.2
65.9
69.9
72.2
69.2
59.5
48.6
64.2
64.2
89.3
68.3
57.1
58.6
55.3
56.4
90.6
62.9
64.2
97.2
61.9
57.7
60.1
74.9
68
79.8
69.4
69.8
64.3
60.5
82
82.2
61
68.1
89.3
82.8
68.3
97
82.6
88.3
71.9
60.4
86.8
70
67.4
84.7
83.3
78.4
65.5
64
80.8
73.2
64.8
62.4
61.9
57.3
60.7
78.2
68.7
75.8
76.5
78.7
75.4
78.9
98
88.5
72.4
79.9
95.8
85.1
77.7
84.4
95.4
68.6
66
77
81.7
85.2
82.1
75.8
83.5
72.5
63.1
76.4
85.5
85.9
85
84.1
76.5
77.6
95.8
83.5
82.9
78.9
97.2
98
98.6
93.3
82
97.6
78.4
85.3
95.5
82.5
85.4
72.6
70.6
76.1
66
68.8
67.8
66.7
85.1
87.4
81.5
79.4
79.3
90.2
80.3
74.3
88.3
67.9
73.3
66.7
85
98.5
90
95.3
75.4
91.8
72.4
78.2
84
90.3
92.1
93.9
75
77.6
82.9
87.7
79.5
71.7
80.1
84.8
77.3
85.1
90.3
76.8
86.5
87.5
87.4
83.4
89.8
93.7
92.4
98.3
96.9
98.7
90.4
89.5
90.3
96.6
79
81.3
98.1
89.8
90.7
95.4
98.5
86.3
85.2
78.7
77.2
65.3
88.9
76.5
77.2
91.9
94
97.6
98.3
94.6
82.6
92.4
88.6
84.2
92.9
84.2
88.9
98.8
92.8
89.3
90.8
98
98
96
94.4
99
82
88.7
89.6
93.6
87
93.4
92.6
81
84.9
83.5
87.2
88.6
84.6
86
97
97.8
95.8
78.6
88.8
89.5
73
91.9
98.6
85.3
97.7
91.2
98
97.4
98.2
90.6
93.2
81.9
81.7
91.4
90.1
90.5
82.2
82.5
90.5
85.3
91.3
98.7
99.5
95.7
92.1
78.5
74.8
96.7
94.6
90
98
94.3
84
85.9
99
81.4
88.1
84.7
80.2
86.6
89.1
71.8
94.6
89.5
70.6
79
77.9
74.2
79.1
92.8
86.1
83.4
78.2
88.7
76.1
73.9
93.1
70.6
74.7
74.9
75
84.8
66.3
86.3
79.5
79.4
92.4
63.5
67.2
71.5
79.8
80.7
73
66.2
67.9
72
80.4
62.3
79.3
76.2
65.6
71.2
58.5
76.5
74.5
62.4
85.1
90.2
67.1
62.9
73.8
72.6
66.2
97.2
91.6
71.4
79.5
76.9
78.1
94.8
97.4
97.5
74
71.8
57.9
56.6
65.2
73
57.2
70.9
61
92
77.9
68.5
93.9
71.2
70.1
60.4
88
78.6
79.1
60.2
65.4
62.5
58.4
58.9
55
93.7
94.7
97.1
83.2
89
79.5
89.3
71.3
80.5
79.4
68.7
51.1
65.8
59.4
90.3
76.7
65.3
52.1
61.2
47.5
37.2
66.5
53.4
67.3
98
93.9
71.9
70.4
80.2
76.9
57.4
66.6
53.4
62.9
62.4
84
67.6
66.4
77.6
78.9
84.6
63.6
51.6
70.6
94
78.5
68.2
64
79.3
62.1
57.3
88.2
66.6
73.9
84.9
88.8
81.4
64.9
60.8
95.4
74.1
75.5
78.6
82.9
74.4
91.4
66.5
84.5
68.9
97.9
82.6
79.6
78.3
64.5
84.5
85.3
71.1
97.7
79.9
69.1
97.6
69
72.9
98.3
88.4
63.5
69.4
60.4
59.6
90.8
83.2
94.9
67.5
74.7
81.8
75.6
74.2
77.5
72.6
79
71.3
70
77.5
90.9
78.1
93.6
72.5
73
70.5
90.7
89.9
83.5
89.7
72.4
69.8
79.4
70.1
82.9
86.2
68.6
65.9
65.6
61.2
70.4
74.7
79.2
72.9
71.6
67.1
71.5
60
78.9
80.9
75.3
69.5
81.8
74.8
80.4
80.2
80.4
83.7
68.4
78.2
78.7
74.9
75
96.4
69
75.8
79.2
82.9
96.2
70
72.1
74.3
97.5
72.6
68.9
78
79.6
94.4
93.3
91.9
92.4
97.1
76.9
78.9
95
83.7
90.8
88.3
85.8
87.6
76.5
86.5
81
81.6
93.4
83.2
92.4
92.1
98.5
99.1
92.9
97
87
91.1
84.9
80.5
90.4
81.9
80.1
97.2
89.7
86.7
86.5
87.1
83.9
87.7
89.6
95.6
85.1
91.9
98
83.6
87.2
94.7
80
93
92.6
99
86.7
98
97.9
90.2
91.5
98.2
97.8
86
84.3
85.8
84.4
85.4
97.3
97.6
98.2
97.7
93.5
85.9
96.9
89
98
81.3
89.6
87.5
87.7
87.8
96.7
95.3
85.5
87.5
89.9
94
97.6
93.6
96.5
98.1
99
98.6
88.6
99.1
94.8
95.4
94.5
99
94.8
88.1
91.9
80.3
90.2
87.8
81.7
75.5
90.5
88.4
94.9
86.2
99
92.6
98.7
96.9
87.5
82.9
71.4
71.5
89.2
83
79.2
97.7
88.3
98
93.2
88.2
88.1
91.7
89.4
84.5
98.2
96.5
82.4
94.2
89.7
68.9
63.9
81.5
72.9
77.2
85.8
62.2
54.5
63.9
76.7
70.3
89.1
80.9
67.8
63.3
57.2
82.2
64.3
74.3
95.5
69.9
82.1
86.8
86.5
75.8
83.5
73.9
73.6
95.2
86.2
87.5
85.1
91.9
79.7
65
82.3
69.4
82.2
62.4
63
55.1
60.3
74.6
64.7
75.1
82.5
66.1
57.9
56
65.6
45.9
46
46.8
45.6
47.2
53.2
57.7
49.1
56.4
64.2
74.2
77.4
67.1
64.3
69
88.3
52.4
56.5
56.6
53.8
86.2
59.5
62.9
89.9
76.4
61
63.5
83
85.1
75.4
73.2
74.5
64.6
93.9
67.4
57.9
81.3
61.6
63.9
71.7
68.1
82.8
76.2
93.3
67.1
70.8
73.3
71.9
64.2
59.4
64.3
63.7
45.9
81.6
70.5
94.9
76.6
88.9
75.2
68.3
66.6
83.8
59.4
90.7
80.4
81.4
77.5
73.1
80.9
85.4
90.9
88
95.1
76.2
86.7
73.5
97.8
85.1
66.2
80.8
88.4
92.8
97
88.1
96.9
92.8
80
88.6
96.7
99
84.8
89.1
85.5
88.6
93.5
75.9
97.3
76.1
85.7
95.1
77.3
94.8
77.9
62.1
60.8
60
72.6
85.4
85.4
91.4
95.1
73.8
87
75.3
79.3
68.4
91.7
88.4
89.6
89
78.6
87.3
74.4
79.8
91.2
80.6
90.5
93.8
84.7
82.9
84.8
88.7
85.1
96.9
85.8
78.5
83.1
84.6
84.3
86
84.7
82.7
90.7
86.2
92.7
87
90
86.7
88.7
86.7
98
91.7
98.7
98.6
98.8
99
99
94.1
89.8
89
94.6
95
90.4
89.2
80.3
82.4
95.9
82.4
95.5
98
97.3
96.2
90.4
80.9
70.1
84.8
90.7
80.5
81.5
98
74.3
75.1
76.6
66.4
74.4
73.2
76.1
87.1
68.4
89.3
84.7
79.7
88.2
73.6
83.7
89.3
82.1
57
45.2
91.3
81.2
80.2
97
98.1
99
87.3
93.2
79.2
77.4
80.4
97
96.5
81.3
86.7
92.3
79.3
96.6
92.5
85.1
86.1
72.8
94.9
71.8
71.6
75.8
77.5
95.9
82
63.6
70.4
70.2
62.7
72.9
67.2
80.2
67.9
69.9
87.5
65.6
68.1
64.4
69.2
59.2
53.9
94.6
71.5
75.6
85.6
75.5
91.4
62.9
74.6
85.1
69.2
73.5
68.5
83.8
66.2
55.7
64.8
52.9
60.6
66.9
70.5
54.3
61.2
78.6
61.6
56.5
80.1
58.4
57
60
67.8
61.9
69.5
96.9
89.6
70.6
63.1
82.2
54.6
75.1
59.3
48.4
65.2
75.6
80.8
67.6
57.9
92.6
71.7
73.7
77.4
72
80
95.8
81
87.5
87
89
83.4
74.5
51.4
59.1
57.9
70.4
74.2
83.5
62.9
96.8
91.2
66.9
94
80.2
66
54.3
63.9
75
66.2
66.7
82.4
69.8
55.6
77.5
75.3
81.1
69.7
97.6
71.2
76.7
65.9
94.5
64.4
69.6
79.6
94
77.6
90.9
87.7
66
79
59.5
80.9
98
86.3
83
84.6
80.9
75.8
76.3
59.1
63.4
77.9
72.5
78.3
82.8
98
69.2
96.1
72.4
87.7
67.6
50.3
97.7
97.6
81.5
91
67.2
95.9
97.1
79.1
58.3
64.1
63.5
55.4
61.9
77
67.5
79.2
62.1
65.8
68.5
57.7
56.8
44.6
58.2
69.5
65.6
97.4
78.7
73.4
74.5
69.3
68.5
81.2
77.5
77.3
83.1
77.5
63.9
74
78.6
67.4
79
68.9
76.3
76.5
64.5
85.6
80.4
86.9
93.5
87.6
74.7
83.1
64.2
76.3
82.9
78.7
73.6
91.4
82.8
97.2
70.2
71.5
78.7
72.6
61.1
91.8
79.7
88.8
90.9
97.3
82.7
91.1
91.1
76.9
74
73
80.2
76.2
88.9
72.7
75.2
87.1
94
96.9
92.4
69.4
77.1
82.5
83.4
80
86.7
96.4
97.1
75.8
76.3
86
77.4
78.2
81.8
67.4
89
81.2
67.1
89.2
91.7
94.9
93.7
96.8
97.2
90.9
77.4
93.8
85.8
96.9
99
94.2
77.4
89.5
82
81.3
81.2
95.8
88.3
93.8
76.9
97
95.3
75.5
72.4
80.7
93.8
97.8
83
81.7
93.5
84.3
87.2
96.8
94.5
98.8
97.9
91.4
97
93.4
89.4
93.8
76.9
90.8
93.7
97.5
87.1
84.6
98.8
81.8
86.7
81.6
90.4
85.8
90.4
98.8
89
90.5
92
96.7
88.4
93.8
92.4
85.9
89.5
65.7
75.9
76.2
80.5
98.1
89.9
72.5
79.2
64.8
79.9
78.2
87.3
85.2
68.1
95.4
85.6
71.6
57
64.6
60.2
72.3
92.5
80.3
72.4
65.9
65.1
90.1
95.1
88.3
87.3
89.5
88.8
73.3
65.7
69.2
66
92.4
62.3
62
66.8
60.9
78.7
76.8
68.9
86.7
70.5
87.6
83.7
63.4
78.3
69.7
94.3
90
55.5
51.6
61.4
82.3
70.8
59.6
75.5
79.1
71.4
83.1
65.2
89.9
85.2
65.9
77.2
63.8
85.1
85.3
85.9
84.5
76.9
67.2
67
70.9
81.5
83.1
68.9
78.6
66.2
65.2
89.3
62.7
70
76.3
97.5
80.6
74.8
70.2
82.2
85.3
62.9
73.5
84.3
85.7
79.8
67
70.4
64.7
86.2
94.1
56.8
62.3
56.3
75.4
62.7
43
59.6
68.1
63.8
79.8
95.2
89.1
60.2
56
52.9
64.7
57.3
75.3
69.2
96.3
68.4
93.2
98.7
76.3
66.8
82.1
76.5
95.2
65.9
69.9
72.2
69.2
59.5
48.6
64.2
64.2
89.3
68.3
57.1
58.6
55.3
56.4
90.6
62.9
64.2
97.2
61.9
57.7
60.1
74.9
68
79.8
69.4
69.8
64.3
60.5
82
82.2
61
68.1
89.3
82.8
68.3
97
82.6
88.3
71.9
60.4
86.8
70
67.4
84.7
83.3
78.4
65.5
64
80.8
73.2
64.8
62.4
61.9
57.3
60.7
78.2
68.7
75.8
76.5
78.7
75.4
78.9
98
88.5
72.4
79.9
95.8
85.1
77.7
84.4
95.4
68.6
66
77
81.7
85.2
82.1
75.8
83.5
72.5
63.1
76.4
85.5
85.9
85
84.1
76.5
77.6
95.8
83.5
82.9
78.9
97.2
98
98.6
93.3
82
97.6
78.4
85.3
95.5
82.5
85.4
72.6
70.6
76.1
66
68.8
67.8
66.7
85.1
87.4
81.5
79.4
79.3
90.2
80.3
74.3
88.3
67.9
73.3
66.7
85
98.5
90
95.3
75.4
91.8
72.4
78.2
84
90.3
92.1
93.9
75
77.6
82.9
87.7
79.5
71.7
80.1
84.8
77.3
85.1
90.3
76.8
86.5
87.5
87.4
83.4
89.8
93.7
92.4
98.3
96.9
98.7
90.4
89.5
90.3
96.6
79
81.3
98.1
89.8
90.7
95.4
98.5
86.3
85.2
78.7
77.2
65.3
88.9
76.5
77.2
91.9
94
97.6
98.3
94.6
82.6
92.4
88.6
84.2
92.9
84.2
88.9
98.8
92.8
89.3
90.8
98
98
96
94.4
99
82
88.7
89.6
93.6
87
93.4
92.6
81
84.9
83.5
87.2
88.6
84.6
86
97
97.8
95.8
78.6
88.8
89.5
73
91.9
98.6
85.3
97.7
91.2
98
97.4
98.2
90.6
93.2
81.9
81.7
91.4
90.1
90.5
82.2
82.5
90.5
85.3
91.3
98.7
99.5
95.7
92.1
78.5
74.8
96.7
94.6
90
98
94.3
84
85.9
99
81.4
88.1
84.7
80.2
86.6
89.1
71.8
94.6
89.5
70.6
79
77.9
74.2
79.1
92.8
86.1
83.4
78.2
88.7
76.1
73.9
93.1
70.6
74.7
74.9
75
84.8
66.3
86.3
79.5
79.4
92.4
63.5
67.2
71.5
79.8
80.7
73
66.2
67.9
72
80.4
62.3
79.3
76.2
65.6
71.2
58.5
76.5
74.5
62.4
85.1
90.2
67.1
62.9
73.8
72.6
66.2
97.2
91.6
71.4
79.5
76.9
78.1
94.8
97.4
97.5
74
71.8
57.9
56.6
65.2
73
57.2
70.9
61
92
77.9
68.5
93.9
71.2
70.1
60.4
88
78.6
79.1
60.2
65.4
62.5
58.4
58.9
55
93.7
94.7
97.1
83.2
89
79.5
89.3
71.3
80.5
79.4
68.7
51.1
65.8
59.4
90.3
76.7
65.3
52.1
61.2
47.5
37.2
66.5
53.4
67.3
98
93.9
71.9
70.4
80.2
76.9
57.4
66.6
53.4
62.9
62.4
84
67.6
66.4
77.6
78.9
84.6
63.6
51.6
70.6
94
78.5
68.2
64
79.3
62.1
57.3
88.2
66.6
73.9
84.9
88.8
81.4
64.9
60.8
95.4
74.1
75.5
78.6
82.9
74.4
91.4
66.5
84.5
68.9
97.9
82.6
79.6
78.3
64.5
84.5
85.3
71.1
97.7
79.9
69.1
97.6
69
72.9
98.3
88.4
63.5
69.4
60.4
59.6
90.8
83.2
94.9
67.5
74.7
81.8
75.6
74.2
77.5
72.6
79
71.3
70
77.5
90.9
78.1
93.6
72.5
73
70.5
90.7
89.9
83.5
89.7
72.4
69.8
79.4
70.1
82.9
86.2
68.6
65.9
65.6
61.2
70.4
74.7
79.2
72.9
71.6
67.1
71.5
60
78.9
80.9
75.3
69.5
81.8
74.8
80.4
80.2
80.4
83.7
68.4
78.2
78.7
74.9
75
96.4
69
75.8
79.2
82.9
96.2
70
72.1
74.3
97.5
72.6
68.9
78
79.6
94.4
93.3
91.9
92.4
97.1
76.9
78.9
95
83.7
90.8
88.3
85.8
87.6
76.5
86.5
81
81.6
93.4
83.2
92.4
92.1
98.5
99.1
92.9
97
87
91.1
84.9
80.5
90.4
81.9
80.1
97.2
89.7
86.7
86.5
87.1
83.9
87.7
89.6
95.6
85.1
91.9
98
83.6
87.2
94.7
80
93
92.6
99
86.7
98
97.9
90.2
91.5
98.2
97.8
86
84.3
85.8
84.4
85.4
97.3
97.6
98.2
97.7
93.5
85.9
96.9
89
98
81.3
89.6
87.5
87.7
87.8
96.7
95.3
85.5
87.5
89.9
94
97.6
93.6
96.5
98.1
99
98.6
88.6
99.1
94.8
95.4
94.5
99
94.8
88.1
91.9
80.3
90.2
87.8
81.7
75.5
90.5
88.4
94.9
86.2
99
92.6
98.7
96.9
87.5
82.9
71.4
71.5
89.2
83
79.2
97.7
88.3
98
93.2
88.2
88.1
91.7
89.4
84.5
98.2
96.5
82.4
94.2
89.7
68.9
63.9
81.5
72.9
77.2
85.8
62.2
54.5
63.9
76.7
70.3
89.1
80.9
67.8
63.3
57.2
82.2
64.3
74.3
95.5
69.9
82.1
86.8
86.5
75.8
83.5
73.9
73.6
95.2
86.2
87.5
85.1
91.9
79.7
65
82.3
69.4
82.2
62.4
63
55.1
60.3
74.6
64.7
75.1
82.5
66.1
57.9
56
65.6
45.9
46
46.8
45.6
47.2
53.2
57.7
49.1
56.4
64.2
74.2
77.4
67.1
64.3
69
88.3
52.4
56.5
56.6
53.8
86.2
59.5
62.9
89.9
76.4
61
63.5
83
85.1
75.4
73.2
74.5
64.6
93.9
67.4
57.9
81.3
61.6
63.9
71.7
68.1
82.8
76.2
93.3
67.1
70.8
73.3
71.9
64.2
59.4
64.3
63.7
45.9
81.6
70.5
94.9
76.6
88.9
75.2
68.3
66.6
83.8
59.4
90.7
80.4
81.4
77.5
73.1
80.9
85.4
90.9
88
95.1
76.2
86.7
73.5
97.8
85.1
66.2
80.8
88.4
92.8
97
88.1
96.9
92.8
80
88.6
96.7
99
84.8
89.1
85.5
88.6
93.5
75.9
97.3
76.1
85.7
95.1
77.3
94.8
77.9
62.1
60.8
60
72.6
85.4
85.4
91.4
95.1
73.8
87
75.3
79.3
68.4
91.7
88.4
89.6
89
78.6
87.3
74.4
79.8
91.2
80.6
90.5
93.8
84.7
82.9
84.8
88.7
85.1
96.9
85.8
78.5
83.1
84.6
84.3
86
84.7
82.7
90.7
86.2
92.7
87
90
86.7
88.7
86.7
98
91.7
98.7
98.6
98.8
99
99
94.1
89.8
89
94.6
95
90.4
89.2
80.3
82.4
95.9
82.4
95.5
98
97.3
96.2
90.4
80.9
70.1
84.8
90.7
80.5
81.5
98
74.3
75.1
76.6
66.4
74.4
73.2
76.1
87.1
68.4
89.3
84.7
79.7
88.2
73.6
83.7
89.3
82.1
57
45.2
91.3
81.2
80.2
97
98.1
99
87.3
93.2
79.2
77.4
80.4
97
96.5
81.3
86.7
92.3
79.3
96.6
92.5
85.1
86.1
72.8
94.9
71.8
71.6
75.8
77.5
95.9
82
63.6
70.4
70.2
62.7
72.9
67.2
80.2
67.9
69.9
87.5
65.6
68.1
64.4
69.2
59.2
53.9
94.6
71.5
75.6
85.6
75.5
91.4
62.9
74.6
85.1
69.2
73.5
68.5
83.8
66.2
55.7
64.8
52.9
60.6
66.9
70.5
54.3
61.2
78.6
61.6
56.5
80.1
58.4
57
60
67.8
61.9
69.5
96.9
89.6
70.6
63.1
82.2
54.6
75.1
59.3
48.4
65.2
75.6
80.8
67.6
57.9
92.6
71.7
73.7
77.4
72
80
95.8
81
87.5
87
89
83.4
74.5
51.4
59.1
57.9
70.4
74.2
83.5
62.9
96.8
91.2
66.9
94
80.2
66
54.3
63.9
75
66.2
66.7
82.4
69.8
55.6
77.5
75.3
81.1
69.7
97.6
71.2
76.7
65.9
94.5
64.4
69.6
79.6
94
77.6
90.9
87.7
66
79
59.5
80.9
98
86.3
83
84.6
80.9
75.8
76.3
59.1
63.4
77.9
72.5
78.3
82.8
98
69.2
96.1
72.4
87.7
67.6
50.3
97.7
97.6
81.5
91
67.2
95.9
97.1
79.1
58.3
64.1
63.5
55.4
61.9
77
67.5
79.2
62.1
65.8
68.5
57.7
56.8
44.6
58.2
69.5
65.6
97.4
78.7
73.4
74.5
69.3
68.5
81.2
77.5
77.3
83.1
77.5
63.9
74
78.6
67.4
79
68.9
76.3
76.5
64.5
85.6
80.4
86.9
93.5
87.6
74.7
83.1
64.2
76.3
82.9
78.7
73.6
91.4
82.8
97.2
70.2
71.5
78.7
72.6
61.1
91.8
79.7
88.8
90.9
97.3
82.7
91.1
91.1
76.9
74
73
80.2
76.2
88.9
72.7
75.2
87.1
94
96.9
92.4
69.4
77.1
82.5
83.4
80
86.7
96.4
97.1
75.8
76.3
86
77.4
78.2
81.8
67.4
89
81.2
67.1
89.2
91.7
94.9
93.7
96.8
97.2
90.9
77.4
93.8
85.8
96.9
99
94.2
77.4
89.5
82
81.3
81.2
95.8
88.3
93.8
76.9
97
95.3
75.5
72.4
80.7
93.8
97.8
83
81.7
93.5
84.3
87.2
96.8
94.5
98.8
97.9
91.4
97
93.4
89.4
93.8
76.9
90.8
93.7
97.5
87.1
84.6
98.8
81.8
86.7
81.6
90.4
85.8
90.4
98.8
89
90.5
92
96.7
88.4
93.8
92.4
85.9
89.5
65.7
75.9
76.2
80.5
98.1
89.9
72.5
79.2
64.8
79.9
78.2
87.3
85.2
68.1
95.4
85.6
71.6
57
64.6
60.2
72.3
92.5
80.3
72.4
65.9
65.1
90.1
95.1
88.3
87.3
89.5
88.8
73.3
65.7
69.2
66
92.4
62.3
62
66.8
60.9
78.7
76.8
68.9
86.7
70.5
87.6
83.7
63.4
78.3
69.7
94.3
90
55.5
51.6
61.4
82.3
70.8
59.6
75.5
79.1
71.4
83.1
65.2
89.9
85.2
65.9
77.2
63.8
85.1
85.3
85.9
84.5
76.9
67.2
67
70.9
81.5
83.1
68.9
78.6
66.2
65.2
89.3
62.7
70
76.3
97.5
80.6
74.8
70.2
82.2
85.3
62.9
73.5
84.3
85.7
79.8
67
70.4
64.7
86.2
94.1
56.8
62.3
56.3
75.4
62.7
43
59.6
68.1
63.8
79.8
95.2
89.1
60.2
56
52.9
64.7
57.3
75.3
69.2
96.3
68.4
93.2
98.7
76.3
66.8
82.1
76.5
95.2
65.9
69.9
72.2
69.2
59.5
48.6
64.2
64.2
89.3
68.3
57.1
58.6
55.3
56.4
90.6
62.9
64.2
97.2
61.9
57.7
60.1
74.9
68
79.8
69.4
69.8
64.3
60.5
82
82.2
61
68.1
89.3
82.8
68.3
97
82.6
88.3
71.9
60.4
86.8
70
67.4
84.7
83.3
78.4
65.5
64
80.8
73.2
64.8
62.4
61.9
57.3
60.7
78.2
68.7
75.8
76.5
78.7
75.4
78.9
98
88.5
72.4
79.9
95.8
85.1
77.7
84.4
95.4
68.6
66
77
81.7
85.2
82.1
75.8
83.5
72.5
63.1
76.4
85.5
85.9
85
84.1
76.5
77.6
95.8
83.5
82.9
78.9
97.2
98
98.6
93.3
82
97.6
78.4
85.3
95.5
82.5
85.4
72.6
70.6
76.1
66
68.8
67.8
66.7
85.1
87.4
81.5
79.4
79.3
90.2
80.3
74.3
88.3
67.9
73.3
66.7
85
98.5
90
95.3
75.4
91.8
72.4
78.2
84
90.3
92.1
93.9
75
77.6
82.9
87.7
79.5
71.7
80.1
84.8
77.3
85.1
90.3
76.8
86.5
87.5
87.4
83.4
89.8
93.7
92.4
98.3
96.9
98.7
90.4
89.5
90.3
96.6
79
81.3
98.1
89.8
90.7
95.4
98.5
86.3
85.2
78.7
77.2
65.3
88.9
76.5
77.2
91.9
94
97.6
98.3
94.6
82.6
92.4
88.6
84.2
92.9
84.2
88.9
98.8
92.8
89.3
90.8
98
98
96
94.4
99
82
88.7
89.6
93.6
87
93.4
92.6
81
84.9
83.5
87.2
88.6
84.6
86
97
97.8
95.8
78.6
88.8
89.5
73
91.9
98.6
85.3
97.7
91.2
98
97.4
98.2
90.6
93.2
81.9
81.7
91.4
90.1
90.5
82.2
82.5
90.5
85.3
91.3
98.7
99.5
95.7
92.1
78.5
74.8
96.7
94.6
90
98
94.3
84
85.9
99
81.4
88.1
84.7
80.2
86.6
89.1
71.8
94.6
89.5
70.6
79
77.9
74.2
79.1
92.8
86.1
83.4
78.2
88.7
76.1
73.9
93.1
70.6
74.7
74.9
75
84.8
66.3
86.3
79.5
79.4
92.4
63.5
67.2
71.5
79.8
80.7
73
66.2
67.9
72
80.4
62.3
79.3
76.2
65.6
71.2
58.5
76.5
74.5
62.4
85.1
90.2
67.1
62.9
73.8
72.6
66.2
97.2
91.6
71.4
79.5
76.9
78.1
94.8
97.4
97.5
74
71.8
57.9
56.6
65.2
73
57.2
70.9
61
92
77.9
68.5
93.9
71.2
70.1
60.4
88
78.6
79.1
60.2
65.4
62.5
58.4
58.9
55
93.7
94.7
97.1
83.2
89
79.5
89.3
71.3
80.5
79.4
68.7
51.1
65.8
59.4
90.3
76.7
65.3
52.1
61.2
47.5
37.2
66.5
53.4
67.3
98
93.9
71.9
70.4
80.2
76.9
57.4
66.6
53.4
62.9
62.4
84
67.6
66.4
77.6
78.9
84.6
63.6
51.6
70.6
94
78.5
68.2
64
79.3
62.1
57.3
88.2
66.6
73.9
84.9
88.8
81.4
64.9
60.8
95.4
74.1
75.5
78.6
82.9
74.4
91.4
66.5
84.5
68.9
97.9
82.6
79.6
78.3
64.5
84.5
85.3
71.1
97.7
79.9
69.1
97.6
69
72.9
98.3
88.4
63.5
69.4
60.4
59.6
90.8
83.2
94.9
67.5
74.7
81.8
75.6
74.2
77.5
72.6
79
71.3
70
77.5
90.9
78.1
93.6
72.5
73
70.5
90.7
89.9
83.5
89.7
72.4
69.8
79.4
70.1
82.9
86.2
68.6
65.9
65.6
61.2
70.4
74.7
79.2
72.9
71.6
67.1
71.5
60
78.9
80.9
75.3
69.5
81.8
74.8
80.4
80.2
80.4
83.7
68.4
78.2
78.7
74.9
75
96.4
69
75.8
79.2
82.9
96.2
70
72.1
74.3
97.5
72.6
68.9
78
79.6
94.4
93.3
91.9
92.4
97.1
76.9
78.9
95
83.7
90.8
88.3
85.8
87.6
76.5
86.5
81
81.6
93.4
83.2
92.4
92.1
98.5
99.1
92.9
97
87
91.1
84.9
80.5
90.4
81.9
80.1
97.2
89.7
86.7
86.5
87.1
83.9
87.7
89.6
95.6
85.1
91.9
98
83.6
87.2
94.7
80
93
92.6
99
86.7
98
97.9
90.2
91.5
98.2
97.8
86
84.3
85.8
84.4
85.4
97.3
97.6
98.2
97.7
93.5
85.9
96.9
89
98
81.3
89.6
87.5
87.7
87.8
96.7
95.3
85.5
87.5
89.9
94
97.6
93.6
96.5
98.1
99
98.6
88.6
99.1
94.8
95.4
94.5
99
94.8
88.1
91.9
80.3
90.2
87.8
81.7
75.5
90.5
88.4
94.9
86.2
99
92.6
98.7
96.9
87.5
82.9
71.4
71.5
89.2
83
79.2
97.7
88.3
98
93.2
88.2
88.1
91.7
89.4
84.5
98.2
96.5
82.4
94.2
89.7
68.9
63.9
81.5
72.9
77.2
85.8
62.2
54.5
63.9
76.7
70.3
89.1
80.9
67.8
63.3
57.2
82.2
64.3
74.3
95.5
69.9
82.1
86.8
86.5
75.8
83.5
73.9
73.6
95.2
86.2
87.5
85.1
91.9
79.7
65
82.3
69.4
82.2
62.4
63
55.1
60.3
74.6
64.7
75.1
82.5
66.1
57.9
56
65.6
45.9
46
46.8
45.6
47.2
53.2
57.7
49.1
56.4
64.2
74.2
77.4
67.1
64.3
69
88.3
52.4
56.5
56.6
53.8
86.2
59.5
62.9
89.9
76.4
61
63.5
83
85.1
75.4
73.2
74.5
64.6
93.9
67.4
57.9
81.3
61.6
63.9
71.7
68.1
82.8
76.2
93.3
67.1
70.8
73.3
71.9
64.2
59.4
64.3
63.7
45.9
81.6
70.5
94.9
76.6
88.9
75.2
68.3
66.6
83.8
59.4
90.7
80.4
81.4
77.5
73.1
80.9
85.4
90.9
88
95.1
76.2
86.7
73.5
97.8
85.1
66.2
80.8
88.4
92.8
97
88.1
96.9
92.8
80
88.6
96.7
99
84.8
89.1
85.5
88.6
93.5
75.9
97.3
76.1
85.7
95.1
77.3
94.8
77.9
62.1
60.8
60
72.6
85.4
85.4
91.4
95.1
73.8
87
75.3
79.3
68.4
91.7
88.4
89.6
89
78.6
87.3
74.4
79.8
91.2
80.6
90.5
93.8
84.7
82.9
84.8
88.7
85.1
96.9
85.8
78.5
83.1
84.6
84.3
86
84.7
82.7
90.7
86.2
92.7
87
90
86.7
88.7
86.7
98
91.7
98.7
98.6
98.8
99
99
94.1
89.8
89
94.6
95
90.4
89.2
80.3
82.4
95.9
82.4
95.5
98
97.3
96.2
90.4
80.9
70.1
84.8
90.7
80.5
81.5
98
74.3
75.1
76.6
66.4
74.4
73.2
76.1
87.1
68.4
89.3
84.7
79.7
88.2
73.6
83.7
89.3
82.1
57
45.2
91.3
81.2
80.2
97
98.1
99
87.3
93.2
79.2
77.4
80.4
97
96.5
81.3
86.7
92.3
79.3
96.6
92.5
85.1
86.1
72.8
94.9
71.8
71.6
75.8
77.5
95.9
82
63.6
70.4
70.2
62.7
72.9
67.2
80.2
67.9
69.9
87.5
65.6
68.1
64.4
69.2
59.2
53.9
94.6
71.5
75.6
85.6
75.5
91.4
62.9
74.6
85.1
69.2
73.5
68.5
83.8
66.2
55.7
64.8
52.9
60.6
66.9
70.5
54.3
61.2
78.6
61.6
56.5
80.1
58.4
57
60
67.8
61.9
69.5
96.9
89.6
70.6
63.1
82.2
54.6
75.1
59.3
48.4
65.2
75.6
80.8
67.6
57.9
92.6
71.7
73.7
77.4
72
80
95.8
81
87.5
87
89
83.4
74.5
51.4
59.1
57.9
70.4
74.2
83.5
62.9
96.8
91.2
66.9
94
80.2
66
54.3
63.9
75
66.2
66.7
82.4
69.8
55.6
77.5
75.3
81.1
69.7
97.6
71.2
76.7
65.9
94.5
64.4
69.6
79.6
94
77.6
90.9
87.7
66
79
59.5
80.9
98
86.3
83
84.6
80.9
75.8
76.3
59.1
63.4
77.9
72.5
78.3
82.8
98
69.2
96.1
72.4
87.7
67.6
50.3
97.7
97.6
81.5
91
67.2
95.9
97.1
79.1
58.3
64.1
63.5
55.4
61.9
77
67.5
79.2
62.1
65.8
68.5
57.7
56.8
44.6
58.2
69.5
65.6
97.4
78.7
73.4
74.5
69.3
68.5
81.2
77.5
77.3
83.1
77.5
63.9
74
78.6
67.4
79
68.9
76.3
76.5
64.5
85.6
80.4
86.9
93.5
87.6
74.7
83.1
64.2
76.3
82.9
78.7
73.6
91.4
82.8
97.2
70.2
71.5
78.7
72.6
61.1
91.8
79.7
88.8
90.9
97.3
82.7
91.1
91.1
76.9
74
73
80.2
76.2
88.9
72.7
75.2
87.1
94
96.9
92.4
69.4
77.1
82.5
83.4
80
86.7
96.4
97.1
75.8
76.3
86
77.4
78.2
81.8
67.4
89
81.2
67.1
89.2
91.7
94.9
93.7
96.8
97.2
90.9
77.4
93.8
85.8
96.9
99
94.2
77.4
89.5
82
81.3
81.2
95.8
88.3
93.8
76.9
97
95.3
75.5
72.4
80.7
93.8
97.8
83
81.7
93.5
84.3
87.2
96.8
94.5
98.8
97.9
91.4
97
93.4
89.4
93.8
76.9
90.8
93.7
97.5
87.1
84.6
98.8
81.8
86.7
81.6
90.4
85.8
90.4
98.8
89
90.5
92
96.7
88.4
93.8
92.4
85.9
89.5
65.7
75.9
76.2
80.5
98.1
89.9
72.5
79.2
64.8
79.9
78.2
87.3
85.2
68.1
95.4
85.6
71.6
57
64.6
60.2
72.3
92.5
80.3
72.4
65.9
65.1
90.1
95.1
88.3
87.3
89.5
88.8
73.3
65.7
69.2
66
92.4
62.3
62
66.8
60.9
78.7
76.8
68.9
86.7
70.5
87.6
83.7
63.4
78.3
69.7
94.3
90
55.5
51.6
61.4
82.3
70.8
59.6
75.5
79.1
71.4
83.1
65.2
89.9
85.2
65.9
77.2
63.8
85.1
85.3
85.9
84.5
76.9
67.2
67
70.9
81.5
83.1
68.9
78.6
66.2
65.2
89.3
62.7
70
76.3
97.5
80.6
74.8
70.2
82.2
85.3
62.9
73.5
84.3
85.7
79.8
67
70.4
64.7
86.2
94.1
56.8
62.3
56.3
75.4
62.7
43
59.6
68.1
63.8
79.8
95.2
89.1
60.2
56
52.9
64.7
57.3
75.3
69.2
96.3
68.4
93.2
98.7
76.3
66.8
82.1
76.5
95.2
65.9
69.9
72.2
69.2
59.5
48.6
64.2
64.2
89.3
68.3
57.1
58.6
55.3
56.4
90.6
62.9
64.2
97.2
61.9
57.7
60.1
74.9
68
79.8
69.4
69.8
64.3
60.5
82
82.2
61
68.1
89.3
82.8
68.3
97
82.6
88.3
71.9
60.4
86.8
70
67.4
84.7
83.3
78.4
65.5
64
80.8
73.2
64.8
62.4
61.9
57.3
60.7
78.2
68.7
75.8
76.5
78.7
75.4
78.9
98
88.5
72.4
79.9
95.8
85.1
77.7
84.4
95.4
68.6
66
77
81.7
85.2
82.1
75.8
83.5
72.5
63.1
76.4
85.5
85.9
85
84.1
76.5
77.6
95.8
83.5
82.9
78.9
97.2
98
98.6
93.3
82
97.6
78.4
85.3
95.5
82.5
85.4
72.6
70.6
76.1
66
68.8
67.8
66.7
85.1
87.4
81.5
79.4
79.3
90.2
80.3
74.3
88.3
67.9
73.3
66.7
85
98.5
90
95.3
75.4
91.8
72.4
78.2
84
90.3
92.1
93.9
75
77.6
82.9
87.7
79.5
71.7
80.1
84.8
77.3
85.1
90.3
76.8
86.5
87.5
87.4
83.4
89.8
93.7
92.4
98.3
96.9
98.7
90.4
89.5
90.3
96.6
79
81.3
98.1
89.8
90.7
95.4
98.5
86.3
85.2
78.7
77.2
65.3
88.9
76.5
77.2
91.9
94
97.6
98.3
94.6
82.6
92.4
88.6
84.2
92.9
84.2
88.9
98.8
92.8
89.3
90.8
98
98
96
94.4
99
82
88.7
89.6
93.6
87
93.4
92.6
81
84.9
83.5
87.2
88.6
84.6
86
97
97.8
95.8
78.6
88.8
89.5
73
91.9
98.6
85.3
97.7
91.2
98
97.4
98.2
90.6
93.2
81.9
81.7
91.4
90.1
90.5
82.2
82.5
90.5
85.3
91.3
98.7
99.5
95.7
92.1
78.5
74.8
96.7
94.6
90
98
94.3
84
85.9
99
81.4
88.1
84.7
80.2
86.6
89.1
71.8
94.6
89.5
70.6
79
77.9
74.2
79.1
92.8
86.1
83.4
78.2
88.7
76.1
73.9
93.1
70.6
74.7
74.9
75
84.8
66.3
86.3
79.5
79.4
92.4
63.5
67.2
71.5
79.8
80.7
73
66.2
67.9
72
80.4
62.3
79.3
76.2
65.6
71.2
58.5
76.5
74.5
62.4
85.1
90.2
67.1
62.9
73.8
72.6
66.2
97.2
91.6
71.4
79.5
76.9
78.1
94.8
97.4
97.5
74
71.8
57.9
56.6
65.2
73
57.2
70.9
61
92
77.9
68.5
93.9
71.2
70.1
60.4
88
78.6
79.1
60.2
65.4
62.5
58.4
58.9
55
93.7
94.7
97.1
83.2
89
79.5
89.3
71.3
80.5
79.4
68.7
51.1
65.8
59.4
90.3
76.7
65.3
52.1
61.2
47.5
37.2
66.5
53.4
67.3
98
93.9
71.9
70.4
80.2
76.9
57.4
66.6
53.4
62.9
62.4
84
67.6
66.4
77.6
78.9
84.6
63.6
51.6
70.6
94
78.5
68.2
64
79.3
62.1
57.3
88.2
66.6
73.9
84.9
88.8
81.4
64.9
60.8
95.4
74.1
75.5
78.6
82.9
74.4
91.4
66.5
84.5
68.9
97.9
82.6
79.6
78.3
64.5
84.5
85.3
71.1
97.7
79.9
69.1
97.6
69
72.9
98.3
88.4
63.5
69.4
60.4
59.6
90.8
83.2
94.9
67.5
74.7
81.8
75.6
74.2
77.5
72.6
79
71.3
70
77.5
90.9
78.1
93.6
72.5
73
70.5
90.7
89.9
83.5
89.7
72.4
69.8
79.4
70.1
82.9
86.2
68.6
65.9
65.6
61.2
70.4
74.7
79.2
72.9
71.6
67.1
71.5
60
78.9
80.9
75.3
69.5
81.8
74.8
80.4
80.2
80.4
83.7
68.4
78.2
78.7
74.9
75
96.4
69
75.8
79.2
82.9
96.2
70
72.1
74.3
97.5
72.6
68.9
78
79.6
94.4
93.3
91.9
92.4
97.1
76.9
78.9
95
83.7
90.8
88.3
85.8
87.6
76.5
86.5
81
81.6
93.4
83.2
92.4
92.1
98.5
99.1
92.9
97
87
91.1
84.9
80.5
90.4
81.9
80.1
97.2
89.7
86.7
86.5
87.1
83.9
87.7
89.6
95.6
85.1
91.9
98
83.6
87.2
94.7
80
93
92.6
99
86.7
98
97.9
90.2
91.5
98.2
97.8
86
84.3
85.8
84.4
85.4
97.3
97.6
98.2
97.7
93.5
85.9
96.9
89
98
81.3
89.6
87.5
87.7
87.8
96.7
95.3
85.5
87.5
89.9
94
97.6
93.6
96.5
98.1
99
98.6
88.6
99.1
94.8
95.4
94.5
99
94.8
88.1
91.9
80.3
90.2
87.8
81.7
75.5
90.5
88.4
94.9
86.2
99
92.6
98.7
96.9
87.5
82.9
71.4
71.5
89.2
83
79.2
97.7
88.3
98
93.2
88.2
88.1
91.7
89.4
84.5
98.2
96.5
82.4
94.2
89.7
68.9
63.9
81.5
72.9
77.2
85.8
62.2
54.5
63.9
76.7
70.3
89.1
80.9
67.8
63.3
57.2
82.2
64.3
74.3
95.5
69.9
82.1
86.8
86.5
75.8
83.5
73.9
73.6
95.2
86.2
87.5
85.1
91.9
79.7
65
82.3
69.4
82.2
62.4
63
55.1
60.3
74.6
64.7
75.1
82.5
66.1
57.9
56
65.6
45.9
46
46.8
45.6
47.2
53.2
57.7
49.1
56.4
64.2
74.2
77.4
67.1
64.3
69
88.3
52.4
56.5
56.6
53.8
86.2
59.5
62.9
89.9
76.4
61
63.5
83
85.1
75.4
73.2
74.5
64.6
93.9
67.4
57.9
81.3
61.6
63.9
71.7
68.1
82.8
76.2
93.3
67.1
70.8
73.3
71.9
64.2
59.4
64.3
63.7
45.9
81.6
70.5
94.9
76.6
88.9
75.2
68.3
66.6
83.8
59.4
90.7
80.4
81.4
77.5
73.1
80.9
85.4
90.9
88
95.1
76.2
86.7
73.5
97.8
85.1
66.2
80.8
88.4
92.8
97
88.1
96.9
92.8
80
88.6
96.7
99
84.8
89.1
85.5
88.6
93.5
75.9
97.3
76.1
85.7
95.1
77.3
94.8
77.9
62.1
60.8
60
72.6
85.4
85.4
91.4
95.1
73.8
87
75.3
79.3
68.4
91.7
88.4
89.6
89
78.6
87.3
74.4
79.8
91.2
80.6
90.5
93.8
84.7
82.9
84.8
88.7
85.1
96.9
85.8
78.5
83.1
84.6
84.3
86
84.7
82.7
90.7
86.2
92.7
87
90
86.7
88.7
86.7
98
91.7
98.7
98.6
98.8
99
99
94.1
89.8
89
94.6
95
90.4
89.2
80.3
82.4
95.9
82.4
95.5
98
97.3
96.2
90.4
80.9
70.1
84.8
90.7
80.5
81.5
98
74.3
75.1
76.6
66.4
74.4
73.2
76.1
87.1
68.4
89.3
84.7
79.7
88.2
73.6
83.7
89.3
82.1
57
45.2
91.3
81.2
80.2
97
98.1
99
87.3
93.2
79.2
77.4
80.4
97
96.5
81.3
86.7
92.3
79.3
96.6
92.5
85.1
86.1
72.8
94.9
71.8
71.6
75.8
77.5
95.9
82
63.6
70.4
70.2
62.7
72.9
67.2
80.2
67.9
69.9
87.5
65.6
68.1
64.4
69.2
59.2
53.9
94.6
71.5
75.6
85.6
75.5
91.4
62.9
74.6
85.1
69.2
73.5
68.5
83.8
66.2
55.7
64.8
52.9
60.6
66.9
70.5
54.3
61.2
78.6
61.6
56.5
80.1
58.4
57
60
67.8
61.9
69.5
96.9
89.6
70.6
63.1
82.2
54.6
75.1
59.3
48.4
65.2
75.6
80.8
67.6
57.9
92.6
71.7
73.7
77.4
72
80
95.8
81
87.5
87
89
83.4
74.5
51.4
59.1
57.9
70.4
74.2
83.5
62.9
96.8
91.2
66.9
94
80.2
66
54.3
63.9
75
66.2
66.7
82.4
69.8
55.6
77.5
75.3
81.1
69.7
97.6
71.2
76.7
65.9
94.5
64.4
69.6
79.6
94
77.6
90.9
87.7
66
79
59.5
80.9
98
86.3
83
84.6
80.9
75.8
76.3
59.1
63.4
77.9
72.5
78.3
82.8
98
69.2
96.1
72.4
87.7
67.6
50.3
97.7
97.6
81.5
91
67.2
95.9
97.1
79.1
58.3
64.1
63.5
55.4
61.9
77
67.5
79.2
62.1
65.8
68.5
57.7
56.8
44.6
58.2
69.5
65.6
97.4
78.7
73.4
74.5
69.3
68.5
81.2
77.5
77.3
83.1
77.5
63.9
74
78.6
67.4
79
68.9
76.3
76.5
64.5
85.6
80.4
86.9
93.5
87.6
74.7
83.1
64.2
76.3
82.9
78.7
73.6
91.4
82.8
97.2
70.2
71.5
78.7
72.6
61.1
91.8
79.7
88.8
90.9
97.3
82.7
91.1
91.1
76.9
74
73
80.2
76.2
88.9
72.7
75.2
87.1
94
96.9
92.4
69.4
77.1
82.5
83.4
80
86.7
96.4
97.1
75.8
76.3
86
77.4
78.2
81.8
67.4
89
81.2
67.1
89.2
91.7
94.9
93.7
96.8
97.2
90.9
77.4
93.8
85.8
96.9
99
94.2
77.4
89.5
82
81.3
81.2
95.8
88.3
93.8
76.9
97
95.3
75.5
72.4
80.7
93.8
97.8
83
81.7
93.5
84.3
87.2
96.8
94.5
98.8
97.9
91.4
97
93.4
89.4
93.8
76.9
90.8
93.7
97.5
87.1
84.6
98.8
81.8
86.7
81.6
90.4
85.8
90.4
98.8
89
90.5
92
96.7
88.4
93.8
92.4
85.9
89.5
65.7
75.9
76.2
80.5
98.1
89.9
72.5
79.2
64.8
79.9
78.2
87.3
85.2
68.1
95.4
85.6
71.6
57
64.6
60.2
72.3
92.5
80.3
72.4
65.9
65.1
90.1
95.1
88.3
87.3
89.5
88.8
73.3
65.7
69.2
66
92.4
62.3
62
66.8
60.9
78.7
76.8
68.9
86.7
70.5
87.6
83.7
63.4
78.3
69.7
94.3
90
55.5
51.6
61.4
82.3
70.8
59.6
75.5
79.1
71.4
83.1
65.2
89.9
85.2
65.9
77.2
63.8
85.1
85.3
85.9
84.5
76.9
67.2
67
70.9
81.5
83.1
68.9
78.6
66.2
65.2
89.3
62.7
70
76.3
97.5
80.6
74.8
70.2
82.2
85.3
62.9
73.5
84.3
85.7
79.8
67
70.4
64.7
86.2
94.1
56.8
62.3
56.3
75.4
62.7
43
59.6
68.1
63.8
79.8
95.2
89.1
60.2
56
52.9
64.7
57.3
75.3
69.2
96.3
68.4
93.2
98.7
76.3
66.8
82.1
76.5
95.2
65.9
69.9
72.2
69.2
59.5
48.6
64.2
64.2
89.3
68.3
57.1
58.6
55.3
56.4
90.6
62.9
64.2
97.2
61.9
57.7
60.1
74.9
68
79.8
69.4
69.8
64.3
60.5
82
82.2
61
68.1
89.3
82.8
68.3
97
82.6
88.3
71.9
60.4
86.8
70
67.4
84.7
83.3
78.4
65.5
64
80.8
73.2
64.8
62.4
61.9
57.3
60.7
78.2
68.7
75.8
76.5
78.7
75.4
78.9
98
88.5
72.4
79.9
95.8
85.1
77.7
84.4
95.4
68.6
66
77
81.7
85.2
82.1
75.8
83.5
72.5
63.1
76.4
85.5
85.9
85
84.1
76.5
77.6
95.8
83.5
82.9
78.9
97.2
98
98.6
93.3
82
97.6
78.4
85.3
95.5
82.5
85.4
72.6
70.6
76.1
66
68.8
67.8
66.7
85.1
87.4
81.5
79.4
79.3
90.2
80.3
74.3
88.3
67.9
73.3
66.7
85
98.5
90
95.3
75.4
91.8
72.4
78.2
84
90.3
92.1
93.9
75
77.6
82.9
87.7
79.5
71.7
80.1
84.8
77.3
85.1
90.3
76.8
86.5
87.5
87.4
83.4
89.8
93.7
92.4
98.3
96.9
98.7
90.4
89.5
90.3
96.6
79
81.3
98.1
89.8
90.7
95.4
98.5
86.3
85.2
78.7
77.2
65.3
88.9
76.5
77.2
91.9
94
97.6
98.3
94.6
82.6
92.4
88.6
84.2
92.9
84.2
88.9
98.8
92.8
89.3
90.8
98
98
96
94.4
99
82
88.7
89.6
93.6
87
93.4
92.6
81
84.9
83.5
87.2
88.6
84.6
86
97
97.8
95.8
78.6
88.8
89.5
73
91.9
98.6
85.3
97.7
91.2
98
97.4
98.2
90.6
93.2
81.9
81.7
91.4
90.1
90.5
82.2
82.5
90.5
85.3
91.3
98.7
99.5
95.7
92.1
78.5
74.8
96.7
94.6
90
98
94.3
84
85.9
99
81.4
88.1
84.7
80.2
86.6
89.1
71.8
94.6
89.5
70.6
79
77.9
74.2
79.1
92.8
86.1
83.4
78.2
88.7
76.1
73.9
93.1
70.6
74.7
74.9
75
84.8
66.3
86.3
79.5
79.4
92.4
63.5
67.2
71.5
79.8
80.7
73
66.2
67.9
72
80.4
62.3
79.3
76.2
65.6
71.2
58.5
76.5
74.5
62.4
85.1
90.2
67.1
62.9
73.8
72.6
66.2
97.2
91.6
71.4
79.5
76.9
78.1
94.8
97.4
97.5
74
71.8
57.9
56.6
65.2
73
57.2
70.9
61
92
77.9
68.5
93.9
71.2
70.1
60.4
88
78.6
79.1
60.2
65.4
62.5
58.4
58.9
55
93.7
94.7
97.1
83.2
89
79.5
89.3
71.3
80.5
79.4
68.7
51.1
65.8
59.4
90.3
76.7
65.3
52.1
61.2
47.5
37.2
66.5
53.4
67.3
98
93.9
71.9
70.4
80.2
76.9
57.4
66.6
53.4
62.9
62.4
84
67.6
66.4
77.6
78.9
84.6
63.6
51.6
70.6
94
78.5
68.2
64
79.3
62.1
57.3
88.2
66.6
73.9
84.9
88.8
81.4
64.9
60.8
95.4
74.1
75.5
78.6
82.9
74.4
91.4
66.5
84.5
68.9
97.9
82.6
79.6
78.3
64.5
84.5
85.3
71.1
97.7
79.9
69.1
97.6
69
72.9
98.3
88.4
63.5
69.4
60.4
59.6
90.8
83.2
94.9
67.5
74.7
81.8
75.6
74.2
77.5
72.6
79
71.3
70
77.5
90.9
78.1
93.6
72.5
73
70.5
90.7
89.9
83.5
89.7
72.4
69.8
79.4
70.1
82.9
86.2
68.6
65.9
65.6
61.2
70.4
74.7
79.2
72.9
71.6
67.1
71.5
60
78.9
80.9
75.3
69.5
81.8
74.8
80.4
80.2
80.4
83.7
68.4
78.2
78.7
74.9
75
96.4
69
75.8
79.2
82.9
96.2
70
72.1
74.3
97.5
72.6
68.9
78
79.6
94.4
93.3
91.9
92.4
97.1
76.9
78.9
95
83.7
90.8
88.3
85.8
87.6
76.5
86.5
81
81.6
93.4
83.2
92.4
92.1
98.5
99.1
92.9
97
87
91.1
84.9
80.5
90.4
81.9
80.1
97.2
89.7
86.7
86.5
87.1
83.9
87.7
89.6
95.6
85.1
91.9
98
83.6
87.2
94.7
80
93
92.6
99
86.7
98
97.9
90.2
91.5
98.2
97.8
86
84.3
85.8
84.4
85.4
97.3
97.6
98.2
97.7
93.5
85.9
96.9
89
98
81.3
89.6
87.5
87.7
87.8
96.7
95.3
85.5
87.5
89.9
94
97.6
93.6
96.5
98.1
99
98.6
88.6
99.1
94.8
95.4
94.5
99
94.8
88.1
91.9
80.3
90.2
87.8
81.7
75.5
90.5
88.4
94.9
86.2
99
92.6
98.7
96.9
87.5
82.9
71.4
71.5
89.2
83
79.2
97.7
88.3
98
93.2
88.2
88.1
91.7
89.4
84.5
98.2
96.5
82.4
94.2
89.7
68.9
63.9
81.5
72.9
77.2
85.8
62.2
54.5
63.9
76.7
70.3
89.1
80.9
67.8
63.3
57.2
82.2
64.3
74.3
95.5
69.9
82.1
86.8
86.5
75.8
83.5
73.9
73.6
95.2
86.2
87.5
85.1
91.9
79.7
65
82.3
69.4
82.2
62.4
63
55.1
60.3
74.6
64.7
75.1
82.5
66.1
57.9
56
65.6
45.9
46
46.8
45.6
47.2
53.2
57.7
49.1
56.4
64.2
74.2
77.4
67.1
64.3
69
88.3
52.4
56.5
56.6
53.8
86.2
59.5
62.9
89.9
76.4
61
63.5
83
85.1
75.4
73.2
74.5
64.6
93.9
67.4
57.9
81.3
61.6
63.9
71.7
68.1
82.8
76.2
93.3
67.1
70.8
73.3
71.9
64.2
59.4
64.3
63.7
45.9
81.6
70.5
94.9
76.6
88.9
75.2
68.3
66.6
83.8
59.4
90.7
80.4
81.4
77.5
73.1
80.9
85.4
90.9
88
95.1
76.2
86.7
73.5
97.8
85.1
66.2
80.8
88.4
92.8
97
88.1
96.9
92.8
80
88.6
96.7
99
84.8
89.1
85.5
88.6
93.5
75.9
97.3
76.1
85.7
95.1
77.3
94.8
77.9
62.1
60.8
60
72.6
85.4
85.4
91.4
95.1
73.8
87
75.3
79.3
68.4
91.7
88.4
89.6
89
78.6
87.3
74.4
79.8
91.2
80.6
90.5
93.8
84.7
82.9
84.8
88.7
85.1
96.9
85.8
78.5
83.1
84.6
84.3
86
84.7
82.7
90.7
86.2
92.7
87
90
86.7
88.7
86.7
98
91.7
98.7
98.6
98.8
99
99
94.1
89.8
89
94.6
95
90.4
89.2
80.3
82.4
95.9
82.4
95.5
98
97.3
96.2
90.4
80.9
70.1
84.8
90.7
80.5
81.5
98
74.3
75.1
76.6
66.4
74.4
73.2
76.1
87.1
68.4
89.3
84.7
79.7
88.2
73.6
83.7
89.3
82.1
57
45.2
91.3
81.2
80.2
97
98.1
99
87.3
93.2
79.2
77.4
80.4
97
96.5
81.3
86.7
92.3
79.3
96.6
92.5
85.1
86.1
72.8
94.9
71.8
71.6
75.8
77.5
95.9
82
63.6
70.4
70.2
62.7
72.9
67.2
80.2
67.9
69.9
87.5
65.6
68.1
64.4
69.2
59.2
53.9
94.6
71.5
75.6
85.6
75.5
91.4
62.9
74.6
85.1
69.2
73.5
68.5
83.8
66.2
55.7
64.8
52.9
60.6
66.9
70.5
54.3
61.2
78.6
61.6
56.5
80.1
58.4
57
60
67.8
61.9
69.5
96.9
89.6
70.6
63.1
82.2
54.6
75.1
59.3
48.4
65.2
75.6
80.8
67.6
57.9
92.6
71.7
73.7
77.4
72
80
95.8
81
87.5
87
89
83.4
74.5
51.4
59.1
57.9
70.4
74.2
83.5
62.9
96.8
91.2
66.9
94
80.2
66
54.3
63.9
75
66.2
66.7
82.4
69.8
55.6
77.5
75.3
81.1
69.7
97.6
71.2
76.7
65.9
94.5
64.4
69.6
79.6
94
77.6
90.9
87.7
66
79
59.5
80.9
98
86.3
83
84.6
80.9
75.8
76.3
59.1
63.4
77.9
72.5
78.3
82.8
98
69.2
96.1
72.4
87.7
67.6
50.3
97.7
97.6
81.5
91
67.2
95.9
97.1
79.1
58.3
64.1
63.5
55.4
61.9
77
67.5
79.2
62.1
65.8
68.5
57.7
56.8
44.6
58.2
69.5
65.6
97.4
78.7
73.4
74.5
69.3
68.5
81.2
77.5
77.3
83.1
77.5
63.9
74
78.6
67.4
79
68.9
76.3
76.5
64.5
85.6
80.4
86.9
93.5
87.6
74.7
83.1
64.2
76.3
82.9
78.7
73.6
91.4
82.8
97.2
70.2
71.5
78.7
72.6
61.1
91.8
79.7
88.8
90.9
97.3
82.7
91.1
91.1
76.9
74
73
80.2
76.2
88.9
72.7
75.2
87.1
94
96.9
92.4
69.4
77.1
82.5
83.4
80
86.7
96.4
97.1
75.8
76.3
86
77.4
78.2
81.8
67.4
89
81.2
67.1
89.2
91.7
94.9
93.7
96.8
97.2
90.9
77.4
93.8
85.8
96.9
99
94.2
77.4
89.5
82
81.3
81.2
95.8
88.3
93.8
76.9
97
95.3
75.5
72.4
80.7
93.8
97.8
83
81.7
93.5
84.3
87.2
96.8
94.5
98.8
97.9
91.4
97
93.4
89.4
93.8
76.9
90.8
93.7
97.5
87.1
84.6
98.8
81.8
86.7
81.6
90.4
85.8
90.4
98.8
89
90.5
92
96.7
88.4
93.8
92.4
85.9
89.5
65.7
75.9
76.2
80.5
98.1
89.9
72.5
79.2
64.8
79.9
78.2
87.3
85.2
68.1
95.4
85.6
71.6
57
64.6
60.2
72.3
92.5
80.3
72.4
65.9
65.1
90.1
95.1
88.3
87.3
89.5
88.8
73.3
65.7
69.2
66
92.4
62.3
62
66.8
60.9
78.7
76.8
68.9
86.7
70.5
87.6
83.7
63.4
78.3
69.7
94.3
90
55.5
51.6
61.4
82.3
70.8
59.6
75.5
79.1
71.4
83.1
65.2
89.9
85.2
65.9
77.2
63.8
85.1
85.3
85.9
84.5
76.9
67.2
67
70.9
81.5
83.1
68.9
78.6
66.2
65.2
89.3
62.7
70
76.3
97.5
80.6
74.8
70.2
82.2
85.3
62.9
73.5
84.3
85.7
79.8
67
70.4
64.7
86.2
94.1
56.8
62.3
56.3
75.4
62.7
43
59.6
68.1
63.8
79.8
95.2
89.1
60.2
56
52.9
64.7
57.3
75.3
69.2
96.3
68.4
93.2
98.7
76.3
66.8
82.1
76.5
95.2
65.9
69.9
72.2
69.2
59.5
48.6
64.2
64.2
89.3
68.3
57.1
58.6
55.3
56.4
90.6
62.9
64.2
97.2
61.9
57.7
60.1
74.9
68
79.8
69.4
69.8
64.3
60.5
82
82.2
61
68.1
89.3
82.8
68.3
97
82.6
88.3
71.9
60.4
86.8
70
67.4
84.7
83.3
78.4
65.5
64
80.8
73.2
64.8
62.4
61.9
57.3
60.7
78.2
68.7
75.8
76.5
78.7
75.4
78.9
98
88.5
72.4
79.9
95.8
85.1
77.7
84.4
95.4
68.6
66
77
81.7
85.2
82.1
75.8
83.5
72.5
63.1
76.4
85.5
85.9
85
84.1
76.5
77.6
95.8
83.5
82.9
78.9
97.2
98
98.6
93.3
82
97.6
78.4
85.3
95.5
82.5
85.4
72.6
70.6
76.1
66
68.8
67.8
66.7
85.1
87.4
81.5
79.4
79.3
90.2
80.3
74.3
88.3
67.9
73.3
66.7
85
98.5
90
95.3
75.4
91.8
72.4
78.2
84
90.3
92.1
93.9
75
77.6
82.9
87.7
79.5
71.7
80.1
84.8
77.3
85.1
90.3
76.8
86.5
87.5
87.4
83.4
89.8
93.7
92.4
98.3
96.9
98.7
90.4
89.5
90.3
96.6
79
81.3
98.1
89.8
90.7
95.4
98.5
86.3
85.2
78.7
77.2
65.3
88.9
76.5
77.2
91.9
94
97.6
98.3
94.6
82.6
92.4
88.6
84.2
92.9
84.2
88.9
98.8
92.8
89.3
90.8
98
98
96
94.4
99
82
88.7
89.6
93.6
87
93.4
92.6
81
84.9
83.5
87.2
88.6
84.6
86
97
97.8
95.8
78.6
88.8
89.5
73
91.9
98.6
85.3
97.7
91.2
98
97.4
98.2
90.6
93.2
81.9
81.7
91.4
90.1
90.5
82.2
82.5
90.5
85.3
91.3
98.7
99.5
95.7
92.1
78.5
74.8
96.7
94.6
90
98
94.3
84
85.9
99
81.4
88.1
84.7
80.2
86.6
89.1
71.8
94.6
89.5
70.6
79
77.9
74.2
79.1
92.8
86.1
83.4
78.2
88.7
76.1
73.9
93.1
70.6
74.7
74.9
75
84.8
66.3
86.3
79.5
79.4
92.4
63.5
67.2
71.5
79.8
80.7
73
66.2
67.9
72
80.4
62.3
79.3
76.2
65.6
71.2
58.5
76.5
74.5
62.4
85.1
90.2
67.1
62.9
73.8
72.6
66.2
97.2
91.6
71.4
79.5
76.9
78.1
94.8
97.4
97.5
74
71.8
57.9
56.6
65.2
73
57.2
70.9
61
92
77.9
68.5
93.9
71.2
70.1
60.4
88
78.6
79.1
60.2
65.4
62.5
58.4
58.9
55
93.7
94.7
97.1
83.2
89
79.5
89.3
71.3
80.5
79.4
68.7
51.1
65.8
59.4
90.3
76.7
65.3
52.1
61.2
47.5
37.2
66.5
53.4
67.3
98
93.9
71.9
70.4
80.2
76.9
57.4
66.6
53.4
62.9
62.4
84
67.6
66.4
77.6
78.9
84.6
63.6
51.6
70.6
94
78.5
68.2
64
79.3
62.1
57.3
88.2
66.6
73.9
84.9
88.8
81.4
64.9
60.8
95.4
74.1
75.5
78.6
82.9
74.4
91.4
66.5
84.5
68.9
97.9
82.6
79.6
78.3
64.5
84.5
85.3
71.1
97.7
79.9
69.1
97.6
69
72.9
98.3
88.4
63.5
69.4
60.4
59.6
90.8
83.2
94.9
67.5
74.7
81.8
75.6
74.2
77.5
72.6
79
71.3
70
77.5
90.9
78.1
93.6
72.5
73
70.5
90.7
89.9
83.5
89.7
72.4
69.8
79.4
70.1
82.9
86.2
68.6
65.9
65.6
61.2
70.4
74.7
79.2
72.9
71.6
67.1
71.5
60
78.9
80.9
75.3
69.5
81.8
74.8
80.4
80.2
80.4
83.7
68.4
78.2
78.7
74.9
75
96.4
69
75.8
79.2
82.9
96.2
70
72.1
74.3
97.5
72.6
68.9
78
79.6
94.4
93.3
91.9
92.4
97.1
76.9
78.9
95
83.7
90.8
88.3
85.8
87.6
76.5
86.5
81
81.6
93.4
83.2
92.4
92.1
98.5
99.1
92.9
97
87
91.1
84.9
80.5
90.4
81.9
80.1
97.2
89.7
86.7
86.5
87.1
83.9
87.7
89.6
95.6
85.1
91.9
98
83.6
87.2
94.7
80
93
92.6
99
86.7
98
97.9
90.2
91.5
98.2
97.8
86
84.3
85.8
84.4
85.4
97.3
97.6
98.2
97.7
93.5
85.9
96.9
89
98
81.3
89.6
87.5
87.7
87.8
96.7
95.3
85.5
87.5
89.9
94
97.6
93.6
96.5
98.1
99
98.6
88.6
99.1
94.8
95.4
94.5
99
94.8
88.1
91.9
80.3
90.2
87.8
81.7
75.5
90.5
88.4
94.9
86.2
99
92.6
98.7
96.9
87.5
82.9
71.4
71.5
89.2
83
79.2
97.7
88.3
98
93.2
88.2
88.1
91.7
89.4
84.5
98.2
96.5
82.4
94.2
89.7
68.9
63.9
81.5
72.9
77.2
85.8
62.2
54.5
63.9
76.7
70.3
89.1
80.9
67.8
63.3
57.2
82.2
64.3
74.3
95.5
69.9
82.1
86.8
86.5
75.8
83.5
73.9
73.6
95.2
86.2
87.5
85.1
91.9
79.7
65
82.3
69.4
82.2
62.4
63
55.1
60.3
74.6
64.7
75.1
82.5
66.1
57.9
56
65.6
45.9
46
46.8
45.6
47.2
53.2
57.7
49.1
56.4
64.2
74.2
77.4
67.1
64.3
69
88.3
52.4
56.5
56.6
53.8
86.2
59.5
62.9
89.9
76.4
61
63.5
83
85.1
75.4
73.2
74.5
64.6
93.9
67.4
57.9
81.3
61.6
63.9
71.7
68.1
82.8
76.2
93.3
67.1
70.8
73.3
71.9
64.2
59.4
64.3
63.7
45.9
81.6
70.5
94.9
76.6
88.9
75.2
68.3
66.6
83.8
59.4
90.7
80.4
81.4
77.5
73.1
80.9
85.4
90.9
88
95.1
76.2
86.7
73.5
97.8
85.1
66.2
80.8
88.4
92.8
97
88.1
96.9
92.8
80
88.6
96.7
99
84.8
89.1
85.5
88.6
93.5
75.9
97.3
76.1
85.7
95.1
77.3
94.8
77.9
62.1
60.8
60
72.6
85.4
85.4
91.4
95.1
73.8
87
75.3
79.3
68.4
91.7
88.4
89.6
89
78.6
87.3
74.4
79.8
91.2
80.6
90.5
93.8
84.7
82.9
84.8
88.7
85.1
96.9
85.8
78.5
83.1
84.6
84.3
86
84.7
82.7
90.7
86.2
92.7
87
90
86.7
88.7
86.7
98
91.7
98.7
98.6
98.8
99
99
94.1
89.8
89
94.6
95
90.4
89.2
80.3
82.4
95.9
82.4
95.5
98
97.3
96.2
90.4
80.9
70.1
84.8
90.7
80.5
81.5
98
74.3
75.1
76.6
66.4
74.4
73.2
76.1
87.1
68.4
89.3
84.7
79.7
88.2
73.6
83.7
89.3
82.1
57
45.2
91.3
81.2
80.2
97
98.1
99
87.3
93.2
79.2
77.4
80.4
97
96.5
81.3
86.7
92.3
79.3
96.6
92.5
85.1
86.1
72.8
94.9
71.8
71.6
75.8
77.5
95.9
82
63.6
70.4
70.2
62.7
72.9
67.2
80.2
67.9
69.9
87.5
65.6
68.1
64.4
69.2
59.2
53.9
94.6
71.5
75.6
85.6
75.5
91.4
62.9
74.6
85.1
69.2
73.5
68.5
83.8
66.2
55.7
64.8
52.9
60.6
66.9
70.5
54.3
61.2
78.6
61.6
56.5
80.1
58.4
57
60
67.8
61.9
69.5
96.9
89.6
70.6
63.1
82.2
54.6
75.1
59.3
48.4
65.2
75.6
80.8
67.6
57.9
92.6
71.7
73.7
77.4
72
80
95.8
81
87.5
87
89
83.4
74.5
51.4
59.1
57.9
70.4
74.2
83.5
62.9
96.8
91.2
66.9
94
80.2
66
54.3
63.9
75
66.2
66.7
82.4
69.8
55.6
77.5
75.3
81.1
69.7
97.6
71.2
76.7
65.9
94.5
64.4
69.6
79.6
94
77.6
90.9
87.7
66
79
59.5
80.9
98
86.3
83
84.6
80.9
75.8
76.3
59.1
63.4
77.9
72.5
78.3
82.8
98
69.2
96.1
72.4
87.7
67.6
50.3
97.7
97.6
81.5
91
67.2
95.9
97.1
79.1
58.3
64.1
63.5
55.4
61.9
77
67.5
79.2
62.1
65.8
68.5
57.7
56.8
44.6
58.2
69.5
65.6
97.4
78.7
73.4
74.5
69.3
68.5
81.2
77.5
77.3
83.1
77.5
63.9
74
78.6
67.4
79
68.9
76.3
76.5
64.5
85.6
80.4
86.9
93.5
87.6
74.7
83.1
64.2
76.3
82.9
78.7
73.6
91.4
82.8
97.2
70.2
71.5
78.7
72.6
61.1
91.8
79.7
88.8
90.9
97.3
82.7
91.1
91.1
76.9
74
73
80.2
76.2
88.9
72.7
75.2
87.1
94
96.9
92.4
69.4
77.1
82.5
83.4
80
86.7
96.4
97.1
75.8
76.3
86
77.4
78.2
81.8
67.4
89
81.2
67.1
89.2
91.7
94.9
93.7
96.8
97.2
90.9
77.4
93.8
85.8
96.9
99
94.2
77.4
89.5
82
81.3
81.2
95.8
88.3
93.8
76.9
97
95.3
75.5
72.4
80.7
93.8
97.8
83
81.7
93.5
84.3
87.2
96.8
94.5
98.8
97.9
91.4
97
93.4
89.4
93.8
76.9
90.8
93.7
97.5
87.1
84.6
98.8
81.8
86.7
81.6
90.4
85.8
90.4
98.8
89
90.5
92
96.7
88.4
93.8
92.4
85.9
89.5
65.7
75.9
76.2
80.5
98.1
89.9
72.5
79.2
64.8
79.9
78.2
87.3
85.2
68.1
95.4
85.6
71.6
57
64.6
60.2
72.3
92.5
80.3
72.4
65.9
65.1
90.1
95.1
88.3
87.3
89.5
88.8
73.3
65.7
69.2
66
92.4
62.3
62
66.8
60.9
78.7
76.8
68.9
86.7
70.5
87.6
83.7
63.4
78.3
69.7
94.3
90
55.5
51.6
61.4
82.3
70.8
59.6
75.5
79.1
71.4
83.1
65.2
89.9
85.2
65.9
77.2
63.8
85.1
85.3
85.9
84.5
76.9
67.2
67
70.9
81.5
83.1
68.9
78.6
66.2
65.2
89.3
62.7
70
76.3
97.5
80.6
74.8
70.2
82.2
85.3
62.9
73.5
84.3
85.7
79.8
67
70.4
64.7
86.2
94.1
56.8
62.3
56.3
75.4
62.7
43
59.6
68.1
63.8
79.8
95.2
89.1
60.2
56
52.9
64.7
57.3
75.3
69.2
96.3
68.4
93.2
98.7
76.3
66.8
82.1
76.5
95.2
65.9
69.9
72.2
69.2
59.5
48.6
64.2
64.2
89.3
68.3
57.1
58.6
55.3
56.4
90.6
62.9
64.2
97.2
61.9
57.7
60.1
74.9
68
79.8
69.4
69.8
64.3
60.5
82
82.2
61
68.1
89.3
82.8
68.3
97
82.6
88.3
71.9
60.4
86.8
70
67.4
84.7
83.3
78.4
65.5
64
80.8
73.2
64.8
62.4
61.9
57.3
60.7
78.2
68.7
75.8
76.5
78.7
75.4
78.9
98
88.5
72.4
79.9
95.8
85.1
77.7
84.4
95.4
68.6
66
77
81.7
85.2
82.1
75.8
83.5
72.5
63.1
76.4
85.5
85.9
85
84.1
76.5
77.6
95.8
83.5
82.9
78.9
97.2
98
98.6
93.3
82
97.6
78.4
85.3
95.5
82.5
85.4
72.6
70.6
76.1
66
68.8
67.8
66.7
85.1
87.4
81.5
79.4
79.3
90.2
80.3
74.3
88.3
67.9
73.3
66.7
85
98.5
90
95.3
75.4
91.8
72.4
78.2
84
90.3
92.1
93.9
75
77.6
82.9
87.7
79.5
71.7
80.1
84.8
77.3
85.1
90.3
76.8
86.5
87.5
87.4
83.4
89.8
93.7
92.4
98.3
96.9
98.7
90.4
89.5
90.3
96.6
79
81.3
98.1
89.8
90.7
95.4
98.5
86.3
85.2
78.7
77.2
65.3
88.9
76.5
77.2
91.9
94
97.6
98.3
94.6
82.6
92.4
88.6
84.2
92.9
84.2
88.9
98.8
92.8
89.3
90.8
98
98
96
94.4
99
82
88.7
89.6
93.6
87
93.4
92.6
81
84.9
83.5
87.2
88.6
84.6
86
97
97.8
95.8
78.6
88.8
89.5
73
91.9
98.6
85.3
97.7
91.2
98
97.4
98.2
90.6
93.2
81.9
81.7
91.4
90.1
90.5
82.2
82.5
90.5
85.3
91.3
98.7
99.5
95.7
92.1
78.5
74.8
96.7
94.6
90
98
94.3
84
85.9
99
81.4
88.1
84.7
80.2
86.6
89.1
71.8
94.6
89.5
70.6
79
77.9
74.2
79.1
92.8
86.1
83.4
78.2
88.7
76.1
73.9
93.1
70.6
74.7
74.9
75
84.8
66.3
86.3
79.5
79.4
92.4
63.5
67.2
71.5
79.8
80.7
73
66.2
67.9
72
80.4
62.3
79.3
76.2
65.6
71.2
58.5
76.5
74.5
62.4
85.1
90.2
67.1
62.9
73.8
72.6
66.2
97.2
91.6
71.4
79.5
76.9
78.1
94.8
97.4
97.5
74
71.8
57.9
56.6
65.2
73
57.2
70.9
61
92
77.9
68.5
93.9
71.2
70.1
60.4
88
78.6
79.1
60.2
65.4
62.5
58.4
58.9
55
93.7
94.7
97.1
83.2
89
79.5
89.3
71.3
80.5
79.4
68.7
51.1
65.8
59.4
90.3
76.7
65.3
52.1
61.2
47.5
37.2
66.5
53.4
67.3
98
93.9
71.9
70.4
80.2
76.9
57.4
66.6
53.4
62.9
62.4
84
67.6
66.4
77.6
78.9
84.6
63.6
51.6
70.6
94
78.5
68.2
64
79.3
62.1
57.3
88.2
66.6
73.9
84.9
88.8
81.4
64.9
60.8
95.4
74.1
75.5
78.6
82.9
74.4
91.4
66.5
84.5
68.9
97.9
82.6
79.6
78.3
64.5
84.5
85.3
71.1
97.7
79.9
69.1
97.6
69
72.9
98.3
88.4
63.5
69.4
60.4
59.6
90.8
83.2
94.9
67.5
74.7
81.8
75.6
74.2
77.5
72.6
79
71.3
70
77.5
90.9
78.1
93.6
72.5
73
70.5
90.7
89.9
83.5
89.7
72.4
69.8
79.4
70.1
82.9
86.2
68.6
65.9
65.6
61.2
70.4
74.7
79.2
72.9
71.6
67.1
71.5
60
78.9
80.9
75.3
69.5
81.8
74.8
80.4
80.2
80.4
83.7
68.4
78.2
78.7
74.9
75
96.4
69
75.8
79.2
82.9
96.2
70
72.1
74.3
97.5
72.6
68.9
78
79.6
94.4
93.3
91.9
92.4
97.1
76.9
78.9
95
83.7
90.8
88.3
85.8
87.6
76.5
86.5
81
81.6
93.4
83.2
92.4
92.1
98.5
99.1
92.9
97
87
91.1
84.9
80.5
90.4
81.9
80.1
97.2
89.7
86.7
86.5
87.1
83.9
87.7
89.6
95.6
85.1
91.9
98
83.6
87.2
94.7
80
93
92.6
99
86.7
98
97.9
90.2
91.5
98.2
97.8
86
84.3
85.8
84.4
85.4
97.3
97.6
98.2
97.7
93.5
85.9
96.9
89
98
81.3
89.6
87.5
87.7
87.8
96.7
95.3
85.5
87.5
89.9
94
97.6
93.6
96.5
98.1
99
98.6
88.6
99.1
94.8
95.4
94.5
99
94.8
88.1
91.9
80.3
90.2
87.8
81.7
75.5
90.5
88.4
94.9
86.2
99
92.6
98.7
96.9
87.5
82.9
71.4
71.5
89.2
83
79.2
97.7
88.3
98
93.2
88.2
88.1
91.7
89.4
84.5
98.2
96.5
82.4
94.2
89.7
68.9
63.9
81.5
72.9
77.2
85.8
62.2
54.5
63.9
76.7
70.3
89.1
80.9
67.8
63.3
57.2
82.2
64.3
74.3
95.5
69.9
82.1
86.8
86.5
75.8
83.5
73.9
73.6
95.2
86.2
87.5
85.1
91.9
79.7
65
82.3
69.4
82.2
62.4
63
55.1
60.3
74.6
64.7
75.1
82.5
66.1
57.9
56
65.6
45.9
46
46.8
45.6
47.2
53.2
57.7
49.1
56.4
64.2
74.2
77.4
67.1
64.3
69
88.3
52.4
56.5
56.6
53.8
86.2
59.5
62.9
89.9
76.4
61
63.5
83
85.1
75.4
73.2
74.5
64.6
93.9
67.4
57.9
81.3
61.6
63.9
71.7
68.1
82.8
76.2
93.3
67.1
70.8
73.3
71.9
64.2
59.4
64.3
63.7
45.9
81.6
70.5
94.9
76.6
88.9
75.2
68.3
66.6
83.8
59.4
90.7
80.4
81.4
77.5
73.1
80.9
85.4
90.9
88
95.1
76.2
86.7
73.5
97.8
85.1
66.2
80.8
88.4
92.8
97
88.1
96.9
92.8
80
88.6
96.7
99
84.8
89.1
85.5
88.6
93.5
75.9
97.3
76.1
85.7
95.1
77.3
94.8
77.9
62.1
60.8
60
72.6
85.4
85.4
91.4
95.1
73.8
87
75.3
79.3
68.4
91.7
88.4
89.6
89
78.6
87.3
74.4
79.8
91.2
80.6
90.5
93.8
84.7
82.9
84.8
88.7
85.1
96.9
85.8
78.5
83.1
84.6
84.3
86
84.7
82.7
90.7
86.2
92.7
87
90
86.7
88.7
86.7
98
91.7
98.7
98.6
98.8
99
99
94.1
89.8
89
94.6
95
90.4
89.2
80.3
82.4
95.9
82.4
95.5
98
97.3
96.2
90.4
80.9
70.1
84.8
90.7
80.5
81.5
98
74.3
75.1
76.6
66.4
74.4
73.2
76.1
87.1
68.4
89.3
84.7
79.7
88.2
73.6
83.7
89.3
82.1
57
45.2
91.3
81.2
80.2
97
98.1
99
87.3
93.2
79.2
77.4
80.4
97
96.5
81.3
86.7
92.3
79.3
96.6
92.5
85.1
86.1
72.8
94.9
71.8
71.6
75.8
77.5
95.9
82
63.6
70.4
70.2
62.7
72.9
67.2
80.2
67.9
69.9
87.5
65.6
68.1
64.4
69.2
59.2
53.9
94.6
71.5
75.6
85.6
75.5
91.4
62.9
74.6
85.1
69.2
73.5
68.5
83.8
66.2
55.7
64.8
52.9
60.6
66.9
70.5
54.3
61.2
78.6
61.6
56.5
80.1
58.4
57
60
67.8
61.9
69.5
96.9
89.6
70.6
63.1
82.2
54.6
75.1
59.3
48.4
65.2
75.6
80.8
67.6
57.9
92.6
71.7
73.7
77.4
72
80
95.8
81
87.5
87
89
83.4
74.5
51.4
59.1
57.9
70.4
74.2
83.5
62.9
96.8
91.2
66.9
94
80.2
66
54.3
63.9
75
66.2
66.7
82.4
69.8
55.6
77.5
75.3
81.1
69.7
97.6
71.2
76.7
65.9
94.5
64.4
69.6
79.6
94
77.6
90.9
87.7
66
79
59.5
80.9
98
86.3
83
84.6
80.9
75.8
76.3
59.1
63.4
77.9
72.5
78.3
82.8
98
69.2
96.1
72.4
87.7
67.6
50.3
97.7
97.6
81.5
91
67.2
95.9
97.1
79.1
58.3
64.1
63.5
55.4
61.9
77
67.5
79.2
62.1
65.8
68.5
57.7
56.8
44.6
58.2
69.5
65.6
97.4
78.7
73.4
74.5
69.3
68.5
81.2
77.5
77.3
83.1
77.5
63.9
74
78.6
67.4
79
68.9
76.3
76.5
64.5
85.6
80.4
86.9
93.5
87.6
74.7
83.1
64.2
76.3
82.9
78.7
73.6
91.4
82.8
97.2
70.2
71.5
78.7
72.6
61.1
91.8
79.7
88.8
90.9
97.3
82.7
91.1
91.1
76.9
74
73
80.2
76.2
88.9
72.7
75.2
87.1
94
96.9
92.4
69.4
77.1
82.5
83.4
80
86.7
96.4
97.1
75.8
76.3
86
77.4
78.2
81.8
67.4
89
81.2
67.1
89.2
91.7
94.9
93.7
96.8
97.2
90.9
77.4
93.8
85.8
96.9
99
94.2
77.4
89.5
82
81.3
81.2
95.8
88.3
93.8
76.9
97
95.3
75.5
72.4
80.7
93.8
97.8
83
81.7
93.5
84.3
87.2
96.8
94.5
98.8
97.9
91.4
97
93.4
89.4
93.8
76.9
90.8
93.7
97.5
87.1
84.6
98.8
81.8
86.7
81.6
90.4
85.8
90.4
98.8
89
90.5
92
96.7
88.4
93.8
92.4
85.9
89.5
65.7
75.9
76.2
80.5
98.1
89.9
72.5
79.2
64.8
79.9
78.2
87.3
85.2
68.1
95.4
85.6
71.6
57
64.6
60.2
72.3
92.5
80.3
72.4
65.9
65.1
90.1
95.1
88.3
87.3
89.5
88.8
73.3
65.7
69.2
66
92.4
62.3
62
66.8
60.9
78.7
76.8
68.9
86.7
70.5
87.6
83.7
63.4
78.3
69.7
94.3
90
55.5
51.6
61.4
82.3
70.8
59.6
75.5
79.1
71.4
83.1
65.2
89.9
85.2
65.9
77.2
63.8
85.1
85.3
85.9
84.5
76.9
67.2
67
70.9
81.5
83.1
68.9
78.6
66.2
65.2
89.3
62.7
70
76.3
97.5
80.6
74.8
70.2
82.2
85.3
62.9
73.5
84.3
85.7
79.8
67
70.4
64.7
86.2
94.1
56.8
62.3
56.3
75.4
62.7
43
59.6
68.1
63.8
79.8
95.2
89.1
60.2
56
52.9
64.7
57.3
75.3
69.2
96.3
68.4
93.2
98.7
76.3
66.8
82.1
76.5
95.2
65.9
69.9
72.2
69.2
59.5
48.6
64.2
64.2
89.3
68.3
57.1
58.6
55.3
56.4
90.6
62.9
64.2
97.2
61.9
57.7
60.1
74.9
68
79.8
69.4
69.8
64.3
60.5
82
82.2
61
68.1
89.3
82.8
68.3
97
82.6
88.3
71.9
60.4
86.8
70
67.4
84.7
83.3
78.4
65.5
64
80.8
73.2
64.8
62.4
61.9
57.3
60.7
78.2
68.7
75.8
76.5
78.7
75.4
78.9
98
88.5
72.4
79.9
95.8
85.1
77.7
84.4
95.4
68.6
66
77
81.7
85.2
82.1
75.8
83.5
72.5
63.1
76.4
85.5
85.9
85
84.1
76.5
77.6
95.8
83.5
82.9
78.9
97.2
98
98.6
93.3
82
97.6
78.4
85.3
95.5
82.5
85.4
72.6
70.6
76.1
66
68.8
67.8
66.7
85.1
87.4
81.5
79.4
79.3
90.2
80.3
74.3
88.3
67.9
73.3
66.7
85
98.5
90
95.3
75.4
91.8
72.4
78.2
84
90.3
92.1
93.9
75
77.6
82.9
87.7
79.5
71.7
80.1
84.8
77.3
85.1
90.3
76.8
86.5
87.5
87.4
83.4
89.8
93.7
92.4
98.3
96.9
98.7
90.4
89.5
90.3
96.6
79
81.3
98.1
89.8
90.7
95.4
98.5
86.3
85.2
78.7
77.2
65.3
88.9
76.5
77.2
91.9
94
97.6
98.3
94.6
82.6
92.4
88.6
84.2
92.9
84.2
88.9
98.8
92.8
89.3
90.8
98
98
96
94.4
99
82
88.7
89.6
93.6
87
93.4
92.6
81
84.9
83.5
87.2
88.6
84.6
86
97
97.8
95.8
78.6
88.8
89.5
73
91.9
98.6
85.3
97.7
91.2
98
97.4
98.2
90.6
93.2
81.9
81.7
91.4
90.1
90.5
82.2
82.5
90.5
85.3
91.3
98.7
99.5
95.7
92.1
78.5
74.8
96.7
94.6
90
98
94.3
84
85.9
99
81.4
88.1
84.7
80.2
86.6
89.1
71.8
94.6
89.5
70.6
79
77.9
74.2
79.1
92.8
86.1
83.4
78.2
88.7
76.1
73.9
93.1
70.6
74.7
74.9
75
84.8
66.3
86.3
79.5
79.4
92.4
63.5
67.2
71.5
79.8
80.7
73
66.2
67.9
72
80.4
62.3
79.3
76.2
65.6
71.2
58.5
76.5
74.5
62.4
85.1
90.2
67.1
62.9
73.8
72.6
66.2
97.2
91.6
71.4
79.5
76.9
78.1
94.8
97.4
97.5
74
71.8
57.9
56.6
65.2
73
57.2
70.9
61
92
77.9
68.5
93.9
71.2
70.1
60.4
88
78.6
79.1
60.2
65.4
62.5
58.4
58.9
55
93.7
94.7
97.1
83.2
89
79.5
89.3
71.3
80.5
79.4
68.7
51.1
65.8
59.4
90.3
76.7
65.3
52.1
61.2
47.5
37.2
66.5
53.4
67.3
98
93.9
71.9
70.4
80.2
76.9
57.4
66.6
53.4
62.9
62.4
84
67.6
66.4
77.6
78.9
84.6
63.6
51.6
70.6
94
78.5
68.2
64
79.3
62.1
57.3
88.2
66.6
73.9
84.9
88.8
81.4
64.9
60.8
95.4
74.1
75.5
78.6
82.9
74.4
91.4
66.5
84.5
68.9
97.9
82.6
79.6
78.3
64.5
84.5
85.3
71.1
97.7
79.9
69.1
97.6
69
72.9
98.3
88.4
63.5
69.4
60.4
59.6
90.8
83.2
94.9
67.5
74.7
81.8
75.6
74.2
77.5
72.6
79
71.3
70
77.5
90.9
78.1
93.6
72.5
73
70.5
90.7
89.9
83.5
89.7
72.4
69.8
79.4
70.1
82.9
86.2
68.6
65.9
65.6
61.2
70.4
74.7
79.2
72.9
71.6
67.1
71.5
60
78.9
80.9
75.3
69.5
81.8
74.8
80.4
80.2
80.4
83.7
68.4
78.2
78.7
74.9
75
96.4
69
75.8
79.2
82.9
96.2
70
72.1
74.3
97.5
72.6
68.9
78
79.6
94.4
93.3
91.9
92.4
97.1
76.9
78.9
95
83.7
90.8
88.3
85.8
87.6
76.5
86.5
81
81.6
93.4
83.2
92.4
92.1
98.5
99.1
92.9
97
87
91.1
84.9
80.5
90.4
81.9
80.1
97.2
89.7
86.7
86.5
87.1
83.9
87.7
89.6
95.6
85.1
91.9
98
83.6
87.2
94.7
80
93
92.6
99
86.7
98
97.9
90.2
91.5
98.2
97.8
86
84.3
85.8
84.4
85.4
97.3
97.6
98.2
97.7
93.5
85.9
96.9
89
98
81.3
89.6
87.5
87.7
87.8
96.7
95.3
85.5
87.5
89.9
94
97.6
93.6
96.5
98.1
99
98.6
88.6
99.1
94.8
95.4
94.5
99
94.8
88.1
91.9
80.3
90.2
87.8
81.7
75.5
90.5
88.4
94.9
86.2
99
92.6
98.7
96.9
87.5
82.9
71.4
71.5
89.2
83
79.2
97.7
88.3
98
93.2
88.2
88.1
91.7
89.4
84.5
98.2
96.5
82.4
94.2
89.7
68.9
63.9
81.5
72.9
77.2
85.8
62.2
54.5
63.9
76.7
70.3
89.1
80.9
67.8
63.3
57.2
82.2
64.3
74.3
95.5
69.9
82.1
86.8
86.5
75.8
83.5
73.9
73.6
95.2
86.2
87.5
85.1
91.9
79.7
65
82.3
69.4
82.2
62.4
63
55.1
60.3
74.6
64.7
75.1
82.5
66.1
57.9
56
65.6
45.9
46
46.8
45.6
47.2
53.2
57.7
49.1
56.4
64.2
74.2
77.4
67.1
64.3
69
88.3
52.4
56.5
56.6
53.8
86.2
59.5
62.9
89.9
76.4
61
63.5
83
85.1
75.4
73.2
74.5
64.6
93.9
67.4
57.9
81.3
61.6
63.9
71.7
68.1
82.8
76.2
93.3
67.1
70.8
73.3
71.9
64.2
59.4
64.3
63.7
45.9
81.6
70.5
94.9
76.6
88.9
75.2
68.3
66.6
83.8
59.4
90.7
80.4
81.4
77.5
73.1
80.9
85.4
90.9
88
95.1
76.2
86.7
73.5
97.8
85.1
66.2
80.8
88.4
92.8
97
88.1
96.9
92.8
80
88.6
96.7
99
84.8
89.1
85.5
88.6
93.5
75.9
97.3
76.1
85.7
95.1
77.3
94.8
77.9
62.1
60.8
60
72.6
85.4
85.4
91.4
95.1
73.8
87
75.3
79.3
68.4
91.7
88.4
89.6
89
78.6
87.3
74.4
79.8
91.2
80.6
90.5
93.8
84.7
82.9
84.8
88.7
85.1
96.9
85.8
78.5
83.1
84.6
84.3
86
84.7
82.7
90.7
86.2
92.7
87
90
86.7
88.7
86.7
98
91.7
98.7
98.6
98.8
99
99
94.1
89.8
89
94.6
95
90.4
89.2
80.3
82.4
95.9
82.4
95.5
98
97.3
96.2
90.4
80.9
70.1
84.8
90.7
80.5
81.5
98
74.3
75.1
76.6
66.4
74.4
73.2
76.1
87.1
68.4
89.3
84.7
79.7
88.2
73.6
83.7
89.3
82.1
57
45.2
91.3
81.2
80.2
97
98.1
99
87.3
93.2
79.2
77.4
80.4
97
96.5
81.3
86.7
92.3
79.3
96.6
92.5
85.1
86.1
72.8
94.9
71.8
71.6
75.8
77.5
95.9
82
63.6
70.4
70.2
62.7
72.9
67.2
80.2
67.9
69.9
87.5
65.6
68.1
64.4
69.2
59.2
53.9
94.6
71.5
75.6
85.6
75.5
91.4
62.9
74.6
85.1
69.2
73.5
68.5
83.8
66.2
55.7
64.8
52.9
60.6
66.9
70.5
54.3
61.2
78.6
61.6
56.5
80.1
58.4
57
60
67.8
61.9
69.5
96.9
89.6
70.6
63.1
82.2
54.6
75.1
59.3
48.4
65.2
75.6
80.8
67.6
57.9
92.6
71.7
73.7
77.4
72
80
95.8
81
87.5
87
89
83.4
74.5
51.4
59.1
57.9
70.4
74.2
83.5
62.9
96.8
91.2
66.9
94
80.2
66
54.3
63.9
75
66.2
66.7
82.4
69.8
55.6
77.5
75.3
81.1
69.7
97.6
71.2
76.7
65.9
94.5
64.4
69.6
79.6
94
77.6
90.9
87.7
66
79
59.5
80.9
98
86.3
83
84.6
80.9
75.8
76.3
59.1
63.4
77.9
72.5
78.3
82.8
98
69.2
96.1
72.4
87.7
67.6
50.3
97.7
97.6
81.5
91
67.2
95.9
97.1
79.1
58.3
64.1
63.5
55.4
61.9
77
67.5
79.2
62.1
65.8
68.5
57.7
56.8
44.6
58.2
69.5
65.6
97.4
78.7
73.4
74.5
69.3
68.5
81.2
77.5
77.3
83.1
77.5
63.9
74
78.6
67.4
79
68.9
76.3
76.5
64.5
85.6
80.4
86.9
93.5
87.6
74.7
83.1
64.2
76.3
82.9
78.7
73.6
91.4
82.8
97.2
70.2
71.5
78.7
72.6
61.1
91.8
79.7
88.8
90.9
97.3
82.7
91.1
91.1
76.9
74
73
80.2
76.2
88.9
72.7
75.2
87.1
94
96.9
92.4
69.4
77.1
82.5
83.4
80
86.7
96.4
97.1
75.8
76.3
86
77.4
78.2
81.8
67.4
89
81.2
67.1
89.2
91.7
94.9
93.7
96.8
97.2
90.9
77.4
93.8
85.8
96.9
99
94.2
77.4
89.5
82
81.3
81.2
95.8
88.3
93.8
76.9
97
95.3
75.5
72.4
80.7
93.8
97.8
83
81.7
93.5
84.3
87.2
96.8
94.5
98.8
97.9
91.4
97
93.4
89.4
93.8
76.9
90.8
93.7
97.5
87.1
84.6
98.8
81.8
86.7
81.6
90.4
85.8
90.4
98.8
89
90.5
92
96.7
88.4
93.8
92.4
85.9
89.5
65.7
75.9
76.2
80.5
98.1
89.9
72.5
79.2
64.8
79.9
78.2
87.3
85.2
68.1
95.4
85.6
71.6
57
64.6
60.2
72.3
92.5
80.3
72.4
65.9
65.1
90.1
95.1
88.3
87.3
89.5
88.8
73.3
65.7
69.2
66
92.4
62.3
62
66.8
60.9
78.7
76.8
68.9
86.7
70.5
87.6
83.7
63.4
78.3
69.7
94.3
90
55.5
51.6
61.4
82.3
70.8
59.6
75.5
79.1
71.4
83.1
65.2
89.9
85.2
65.9
77.2
63.8
85.1
85.3
85.9
84.5
76.9
67.2
67
70.9
81.5
83.1
68.9
78.6
66.2
65.2
89.3
62.7
70
76.3
97.5
80.6
74.8
70.2
82.2
85.3
62.9
73.5
84.3
85.7
79.8
67
70.4
64.7
86.2
94.1
56.8
62.3
56.3
75.4
62.7
43
59.6
68.1
63.8
79.8
95.2
89.1
60.2
56
52.9
64.7
57.3
75.3
69.2
96.3
68.4
93.2
98.7
76.3
66.8
82.1
76.5
95.2
65.9
69.9
72.2
69.2
59.5
48.6
64.2
64.2
89.3
68.3
57.1
58.6
55.3
56.4
90.6
62.9
64.2
97.2
61.9
57.7
60.1
74.9
68
79.8
69.4
69.8
64.3
60.5
82
82.2
61
68.1
89.3
82.8
68.3
97
82.6
88.3
71.9
60.4
86.8
70
67.4
84.7
83.3
78.4
65.5
64
80.8
73.2
64.8
62.4
61.9
57.3
60.7
78.2
68.7
75.8
76.5
78.7
75.4
78.9
98
88.5
72.4
79.9
95.8
85.1
77.7
84.4
95.4
68.6
66
77
81.7
85.2
82.1
75.8
83.5
72.5
63.1
76.4
85.5
85.9
85
84.1
76.5
77.6
95.8
83.5
82.9
78.9
97.2
98
98.6
93.3
82
97.6
78.4
85.3
95.5
82.5
85.4
72.6
70.6
76.1
66
68.8
67.8
66.7
85.1
87.4
81.5
79.4
79.3
90.2
80.3
74.3
88.3
67.9
73.3
66.7
85
98.5
90
95.3
75.4
91.8
72.4
78.2
84
90.3
92.1
93.9
75
77.6
82.9
87.7
79.5
71.7
80.1
84.8
77.3
85.1
90.3
76.8
86.5
87.5
87.4
83.4
89.8
93.7
92.4
98.3
96.9
98.7
90.4
89.5
90.3
96.6
79
81.3
98.1
89.8
90.7
95.4
98.5
86.3
85.2
78.7
77.2
65.3
88.9
76.5
77.2
91.9
94
97.6
98.3
94.6
82.6
92.4
88.6
84.2
92.9
84.2
88.9
98.8
92.8
89.3
90.8
98
98
96
94.4
99
82
88.7
89.6
93.6
87
93.4
92.6
81
84.9
83.5
87.2
88.6
84.6
86
97
97.8
95.8
78.6
88.8
89.5
73
91.9
98.6
85.3
97.7
91.2
98
97.4
98.2
90.6
93.2
81.9
81.7
91.4
90.1
90.5
82.2
82.5
90.5
85.3
91.3
98.7
99.5
95.7
92.1
78.5
74.8
96.7
94.6
90
98
94.3
84
85.9
99
81.4
88.1
84.7
80.2
86.6
89.1
71.8
94.6
89.5
70.6
79
77.9
74.2
79.1
92.8
86.1
83.4
78.2
88.7
76.1
73.9
93.1
70.6
74.7
74.9
75
84.8
66.3
86.3
79.5
79.4
92.4
63.5
67.2
71.5
79.8
80.7
73
66.2
67.9
72
80.4
62.3
79.3
76.2
65.6
71.2
58.5
76.5
74.5
62.4
85.1
90.2
67.1
62.9
73.8
72.6
66.2
97.2
91.6
71.4
79.5
76.9
78.1
94.8
97.4
97.5
74
71.8
57.9
56.6
65.2
73
57.2
70.9
61
92
77.9
68.5
93.9
71.2
70.1
60.4
88
78.6
79.1
60.2
65.4
62.5
58.4
58.9
55
93.7
94.7
97.1
83.2
89
79.5
89.3
71.3
80.5
79.4
68.7
51.1
65.8
59.4
90.3
76.7
65.3
52.1
61.2
47.5
37.2
66.5
53.4
67.3
98
93.9
71.9
70.4
80.2
76.9
57.4
66.6
53.4
62.9
62.4
84
67.6
66.4
77.6
78.9
84.6
63.6
51.6
70.6
94
78.5
68.2
64
79.3
62.1
57.3
88.2
66.6
73.9
84.9
88.8
81.4
64.9
60.8
95.4
74.1
75.5
78.6
82.9
74.4
91.4
66.5
84.5
68.9
97.9
82.6
79.6
78.3
64.5
84.5
85.3
71.1
97.7
79.9
69.1
97.6
69
72.9
98.3
88.4
63.5
69.4
60.4
59.6
90.8
83.2
94.9
67.5
74.7
81.8
75.6
74.2
77.5
72.6
79
71.3
70
77.5
90.9
78.1
93.6
72.5
73
70.5
90.7
89.9
83.5
89.7
72.4
69.8
79.4
70.1
82.9
86.2
68.6
65.9
65.6
61.2
70.4
74.7
79.2
72.9
71.6
67.1
71.5
60
78.9
80.9
75.3
69.5
81.8
74.8
80.4
80.2
80.4
83.7
68.4
78.2
78.7
74.9
75
96.4
69
75.8
79.2
82.9
96.2
70
72.1
74.3
97.5
72.6
68.9
78
79.6
94.4
93.3
91.9
92.4
97.1
76.9
78.9
95
83.7
90.8
88.3
85.8
87.6
76.5
86.5
81
81.6
93.4
83.2
92.4
92.1
98.5
99.1
92.9
97
87
91.1
84.9
80.5
90.4
81.9
80.1
97.2
89.7
86.7
86.5
87.1
83.9
87.7
89.6
95.6
85.1
91.9
98
83.6
87.2
94.7
80
93
92.6
99
86.7
98
97.9
90.2
91.5
98.2
97.8
86
84.3
85.8
84.4
85.4
97.3
97.6
98.2
97.7
93.5
85.9
96.9
89
98
81.3
89.6
87.5
87.7
87.8
96.7
95.3
85.5
87.5
89.9
94
97.6
93.6
96.5
98.1
99
98.6
88.6
99.1
94.8
95.4
94.5
99
94.8
88.1
91.9
80.3
90.2
87.8
81.7
75.5
90.5
88.4
94.9
86.2
99
92.6
98.7
96.9
87.5
82.9
71.4
71.5
89.2
83
79.2
97.7
88.3
98
93.2
88.2
88.1
91.7
89.4
84.5
98.2
96.5
82.4
94.2
89.7
68.9
63.9
81.5
72.9
77.2
85.8
62.2
54.5
63.9
76.7
70.3
89.1
80.9
67.8
63.3
57.2
82.2
64.3
74.3
95.5
69.9
82.1
86.8
86.5
75.8
83.5
73.9
73.6
95.2
86.2
87.5
85.1
91.9
79.7
65
82.3
69.4
82.2
62.4
63
55.1
60.3
74.6
64.7
75.1
82.5
66.1
57.9
56
65.6
45.9
46
46.8
45.6
47.2
53.2
57.7
49.1
56.4
64.2
74.2
77.4
67.1
64.3
69
88.3
52.4
56.5
56.6
53.8
86.2
59.5
62.9
89.9
76.4
61
63.5
83
85.1
75.4
73.2
74.5
64.6
93.9
67.4
57.9
81.3
61.6
63.9
71.7
68.1
82.8
76.2
93.3
67.1
70.8
73.3
71.9
64.2
59.4
64.3
63.7
45.9
81.6
70.5
94.9
76.6
88.9
75.2
68.3
66.6
83.8
59.4
90.7
80.4
81.4
77.5
73.1
80.9
85.4
90.9
88
95.1
76.2
86.7
73.5
97.8
85.1
66.2
80.8
88.4
92.8
97
88.1
96.9
92.8
80
88.6
96.7
99
84.8
89.1
85.5
88.6
93.5
75.9
97.3
76.1
85.7
95.1
77.3
94.8
77.9
62.1
60.8
60
72.6
85.4
85.4
91.4
95.1
73.8
87
75.3
79.3
68.4
91.7
88.4
89.6
89
78.6
87.3
74.4
79.8
91.2
80.6
90.5
93.8
84.7
82.9
84.8
88.7
85.1
96.9
85.8
78.5
83.1
84.6
84.3
86
84.7
82.7
90.7
86.2
92.7
87
90
86.7
88.7
86.7
98
91.7
98.7
98.6
98.8
99
99
94.1
89.8
89
94.6
