39.8879553632509
37.6052661494397
41.1779185986315
41.8060159193493
40.149338471504
40.9746254042398
39.9578259463248
41.2453415416055
39.8853602082596
40.4599578877067
38.0564076684727
41.6620631673153
39.2925041450731
41.3348811776953
42.0477612818445
41.0237481826216
41.2070809690257
40.1107376132316
41.2257321897361
39.4824001385496
39.4011975938776
38.5080153328713
41.1295891773447
40.5196086115168
40.2841391886323
40.3531223642103
43.0334674618729
39.7335778808474
38.9103288558205
40.2002726224266
41.1611495535079
40.8787917277253
41.4395335891094
40.3948526504949
41.0950483827894
41.874993433078
39.3959235700869
41.5268732969934
38.8090248678533
38.7641058573041
39.9234814891198
38.6137062996762
40.6537052010252
39.4913289932595
39.5538752478985
39.9321953600277
41.4598834752749
40.2456746750113
40.05788245788
42.3163191157376
41.0144489557732
41.6706294164028
41.2305855357919
38.7286409200757
39.2119280781604
39.863876997996
40.0525452178741
42.2533787232457
42.0793069749501
40.1736044203598
40.9663071327277
40.3970724566321
42.4298514460326
42.0903342781082
41.0552082967251
40.2566025782628
40.425395343316
39.5580759277083
40.4347705510981
40.8397451411117
40.977368532827
41.5995812722546
41.3515924268318
41.3488206361379
41.6290459838199
42.0963053428749
40.4658234652353
40.3863914980446
39.0930093319263
40.6778934034581
40.6317867833645
38.3444925127165
41.9124659830512
42.5358108707857
40.87430801107
41.6946970355857
40.6729276628874
41.9554018338092
40.5903080706667
41.1597228261185
38.7509197069786
42.3512528552901
39.9763025641223
42.0132199485468
42.7205725711867
41.690964709886
41.8686360131157
40.7665650191941
41.875766375377
40.126576100992
40.0394509160621
39.1402821899976
41.7558063432539
41.1397134650142
40.8980697197492
40.9608171804053
43.6348657941708
40.3286195899162
39.498954437985
40.7824232156192
41.7367669431544
41.4478183525663
42.0019125469568
40.9505277039214
41.6439639647528
42.4170946524775
39.9311562172522
42.055183849106
39.3303604942981
39.278414424953
40.4307115675446
39.1138071662917
41.1466268461616
39.9770221251629
40.0322912976606
40.4032864864421
41.9236025696216
40.7019753657672
40.5067191153564
42.7576468566427
41.4482236477007
42.096807682245
41.6491247580773
39.139499245231
39.6150644206953
40.2592510446123
40.4401174314966
42.6331103469759
42.4511600359422
40.5375417336176
41.3222923048231
40.7450698893445
42.7698263399087
42.422252635942
41.3790369269574
40.5723090983004
40.73294818277
39.8574443315512
40.7259245827388
41.1226556853897
41.2520072989237
41.8659207965222
41.6096060755398
41.5984826081364
41.8703313131199
42.3291899011445
40.6902839642126
40.6024054918669
39.3005552193742
40.8769504301157
40.8223350436951
38.5265129520529
42.0859403995012
42.7007219170521
41.0306391961856
41.8424327265623
40.812053086279
42.0859030771893
40.7121720840199
41.2729374231449
38.8554735663129
42.4471355216334
40.063504449288
42.091732332419
42.7903876025924
41.7520754073803
41.9210362656797
40.8102495868462
41.9107308896969
40.1528170655574
40.0569657067984
39.1490690554404
41.7558644047239
41.1310427167053
40.880671028729
40.9346922865284
43.6000173099048
40.2850510000805
39.4466700994024
40.7214283566798
41.6670676632934
41.3694216216536
41.9148262046
40.8547604586823
41.5395253932761
42.3039951985333
39.8094071906917
41.9247974247303
39.1913497106411
39.1307931829772
40.2744946292511
38.9490101532443
40.9732662379241
39.7951152576517
39.8418563614109
40.2043425247888
41.7161694767951
40.4860738849039
40.2823708364245
42.5248742142831
41.2070499189837
41.8472569843425
41.3912220458511
38.8732703087374
39.3405358826061
39.9764503575526
40.1490728752993
42.3338510258542
42.1437158755788
40.2219434781723
40.9985715138585
40.4132589346699
42.4299584023431
42.0743617019959
41.0231577854342
40.2084773368179
40.361200184201
39.4778172703857
40.3384564213667
40.7273851703042
40.8489739568469
41.4551649304525
41.1911687607215
41.1724056879523
41.4366573949068
41.887962351933
40.2415469063899
40.1462037987648
38.8369345107819
40.4059570677177
40.3440161264351
38.0409163114241
41.5931145947628
42.2007162303741
40.5235036277199
41.3282179894432
40.2908106015517
41.5576849686679
40.177031173075
40.7309272234217
38.3066482783797
41.8915500275616
39.5012143071641
41.5227937707886
42.2148575148375
41.1700113460301
41.3324964366553
40.2152928436401
41.3094167274876
39.54520561526
39.4431177290516
38.5290459345303
41.1297281424461
40.4988559261641
40.2424969280768
40.2905946926434
42.9500606320096
39.6293002333013
38.7851908182693
40.0542867085698
40.9943303618153
40.691155939977
41.2310999687278
40.1656420406684
40.8450837043879
41.6042996823611
39.104527816204
41.2148046792772
38.4763145929054
38.4107871958748
39.5495897727808
38.2192789172876
40.2387815949965
39.0559506556055
39.0980857160902
39.4560402126385
40.9634103274227
39.7289331735971
39.5209242766234
41.7591979500092
40.4372205172254
41.0733514273984
40.613317723632
38.0914450110272
38.5548677912831
39.1870180387712
39.3559552716336
41.5371274484036
41.3434659960371
39.4182473208606
40.1915094477227
39.6029116652441
41.616406963679
41.2576874485594
40.2034423839701
39.3858027581832
39.535648695168
38.6494714254154
39.5073990543533
39.8936993862919
40.0127431237192
40.616472670596
40.3500989426633
40.3290424179732
40.5910850086311
41.0402654058946
39.391810169577
39.294512244143
37.9833733067969
39.5506115697787
39.4869718683791
37.1822589969625
40.7329300889117
41.3390905508672
39.6605229364072
40.4639685836745
39.4253789055475
40.6911575248766
39.3094946335189
39.8624683410319
37.4373538983205
41.0215070785468
38.6305097927634
40.6515147607279
41.3430911362918
40.2978447749108
40.4600168888927
39.3425875664618
40.4365729906941
38.6723107024977
38.5702589290843
37.6563105325107
40.2572034111871
39.6266291174117
39.370655263785
39.4192253562521
42.0792507597263
38.7591369053875
37.9157610503328
39.1856774428628
40.1266284585405
39.8244481686017
40.3654729993069
39.3011824351774
39.9818779080671
40.7424340150706
38.2440884637925
40.3558776849627
37.6189858486718
37.555142433882
38.6957145567919
37.3672586341127
39.3887014459539
38.2078956480017
38.2521406547192
38.6122896913015
40.1219387204688
38.8898246274856
38.6842627015098
40.9250670113538
39.6057036274269
40.2445317374529
39.7872781148177
37.2682680866167
37.734635868283
38.3698131396901
38.5418591162804
40.7262214457155
40.5358312359385
38.6139645661546
39.3906591260145
38.8055738608985
40.822661409812
40.4676135190649
39.4171190855827
38.6033087225774
38.7570621710954
37.8748702708796
38.7368607288241
39.1273009429598
39.25056120179
39.8585834876266
39.5965782869404
39.5799656409345
39.8465270173301
40.30030065551
38.6565126559671
38.5639554964465
37.2576303800797
38.8297550377287
38.7710738160488
36.4713910135606
40.0271632606442
40.6384954538286
38.9651696295235
39.773926601697
38.7407172520993
40.0119446655524
38.6357984890387
39.1943562804487
36.7748927322837
40.3647630526208
37.9795485808037
40.0064014583131
40.7038902542146
39.6646202327267
39.8328320085282
38.7215050658824
39.8216549776323
38.0636186682422
37.9678537423314
37.0602524332771
39.6675520047859
39.0434433684923
38.7939934904362
38.8491452241707
41.5158092764505
38.2023904145961
37.3657652262109
38.6424872845344
39.5902982845689
39.2950316115573
39.8430230004042
38.785751238981
39.473517057267
40.2411943453284
37.7500200986573
39.8690300308594
37.13940758996
37.082881527988
38.2308182294127
36.9097733744936
38.9386730022397
37.7653690226618
37.8171601000473
38.1848987049905
39.7021800412613
38.4777402308997
38.2798937956417
40.5284540327571
39.216886237069
39.8635488167488
39.4141677617421
36.9030676118939
37.377381791656
38.020541186269
38.2006042129695
40.3930177177207
40.210712003355
38.2969623406346
39.0818056075165
38.5048999345169
40.5301971426889
40.1833881573833
39.1411610516419
38.3356456119509
38.4977207498711
37.6238764729835
38.494239653427
38.8930768519669
39.0247575174152
39.6412227900502
39.3876823120511
39.3795552781557
39.654622307531
40.1169207890016
38.4816759705834
38.3976794757102
37.0999316514544
38.6806493709558
38.6305761215708
36.3395153410298
39.9039227975179
40.5239025240505
38.8592356922911
39.6766622503157
38.6521322129231
39.9320477970116
38.5645977807535
39.1318588524305
36.7211048342233
40.3196900632632
37.9431950074102
39.9787709362108
40.6849855464326
39.6544432297201
39.8313837279889
38.7287856526371
39.8376637036284
38.0883539326206
38.0013130715861
37.1024324815031
39.7184485540136
39.1030513291091
38.8623069016958
38.9261572547888
41.6015122252883
38.2967757114301
37.46882343259
38.754208094724
39.710670526581
39.424043248268
39.9806611307574
38.9320020992782
39.6283660225442
40.404625930818
37.922017961337
40.0495769710864
37.3284855531905
37.2804716065834
38.4369006645298
37.1243275580606
39.161677479017
37.9968014923875
38.0569974196674
38.4331168909728
39.9587542719941
38.7426448491738
38.553102311216
40.8099391250076
39.5066197577211
40.161501792692
39.7203103979269
37.2173692943119
37.699811090401
38.3510658586797
38.539191206854
40.7396331746619
40.565321262096
38.659529940545
39.4522952921385
38.8832746551908
40.9164190622579
40.5774186539773
39.5429607225397
38.7451742775201
38.9149374575865
38.0487395015219
38.9267065168396
39.3331043039279
39.472301555546
40.0962386603199
39.8501245132519
39.8493775664529
40.1317777010872
40.6013615726751
38.9733537006996
38.8965449849058
37.6059350535941
39.1937400661211
39.1507028011197
36.8666259927279
40.4379647107392
41.0648222950488
39.40697922954
40.2311747799179
39.2133582840879
40.4999312875994
39.1390819028884
39.7128861581792
37.3086172213393
40.9136287809975
38.5435006623859
40.5853834983627
41.2978443550099
40.2734869993528
40.4565505548157
39.3600130204965
40.4748884903095
38.7315124161758
38.650340936703
37.7572648259361
40.3790198950738
39.769295610213
39.5341574989704
39.6035469837344
42.2843733474963
38.9850399413575
38.1624219443873
39.4530715291179
40.4147289978106
40.1332263510728
40.6948979474181
39.6512212067084
40.3524954994325
41.1335933648201
38.655750456317
40.7880011544062
38.0715275830472
38.0280571793931
39.1889550223583
37.8807754960987
39.9224433531014
38.7618092265647
38.8261705138015
39.2063784283955
40.7360269271959
39.5238508955369
39.3381636287867
41.5987772083086
40.2991557236013
40.9576563882151
40.520004008297
38.0205219508343
38.5063424784793
39.1608953258473
39.352237770839
41.5558155314854
41.3845577942025
39.4817387249641
40.2773941086768
39.7111809946542
41.7470501347024
41.4106913969879
40.3787918095363
39.5834801260907
39.7556342378448
38.8917431444905
39.7719327228567
40.1804685510771
40.3217191081089
40.947624577249
40.703393656665
40.7044446101467
40.9885571390699
41.459767727717
39.8333007329003
39.7579469002788
38.4687057126658
40.0577931925445
40.0159519903022
37.7329847204716
41.3053463418933
41.933140092173
40.2761463615781
41.1011043308811
40.083963261746
41.3711246321801
40.0107764957834
40.5849948306555
38.1810527632564
41.7863039495282
39.4163281907406
41.4582761045159
42.1707147504286
41.1462478977246
41.3291146807782
40.2322931183641
41.3467973327994
39.6029628131303
39.5212457438087
38.627536953438
41.2485723164844
40.6380413710147
40.4020097253111
40.4704188911147
43.1501782494479
39.8496912581115
39.0258332115328
40.3151564062476
41.2754012771552
40.9923999661215
41.5524869815255
40.5071399016858
41.2066582641235
41.9859147836601
39.5061452978744
41.6363843799054
38.9178143548728
38.872162869573
40.0307952210269
38.7202660199379
40.7595002537582
39.5963487990466
39.6581093048467
40.0356332448181
41.5625148442054
40.3474892650303
40.1588700876135
42.4164696865067
41.1137524526043
41.7690759090291
41.3281651796459
38.8253439572746
39.3077448384809
39.958797899842
40.1465607692345
42.3464795226437
42.1714837123834
40.2648478782314
41.0566081867679
40.4864220768106
42.518240697462
42.1777543219369
41.1416503910216
40.3420580788898
40.5098557047946
39.6415327040728
40.5172153967403
40.9211698116158
41.0577648857937
41.6789412681157
41.4299081296538
41.4260842144158
41.7052497112603
42.1714415991685
40.5398847368191
40.4593703788532
39.1648985241324
40.7486857182024
40.7014751414745
38.4130699454144
41.979925632651
42.6021459913786
40.9395119691992
41.7587633109097
40.7358498488322
42.0171736382084
40.6509233163916
41.2191754516949
38.8092037671935
42.408362521786
40.0322321259802
42.0679638128572
42.7741252636086
41.743320875195
41.9197904157387
40.8165125437335
41.9245020271221
40.1740950064181
40.0857483233183
39.1853534693818
41.7996469876758
41.1823190904457
40.9394360656634
41.000940110202
43.6737412955905
40.3662437754411
39.535323545228
40.8175336076997
41.7706151090626
41.4804009075138
42.0332262327152
40.9805693891483
41.6727306453047
42.4445834517102
39.9573643863089
42.0801087671914
39.3539996689413
39.3007654922563
40.4517722924197
39.1335754426839
41.1651006972595
39.994199703597
40.0481708856872
40.4178664961157
41.9368815429534
40.7139519748709
40.517392162581
42.7670152746924
41.4562864997416
42.1035641619986
41.6545741899012
39.1436410841865
39.6178982526021
40.2607765860895
40.4403345299913
42.6320189807785
42.4487603141884
40.5338338962775
41.3172767226774
40.7387470639472
42.7621969035371
42.4133173515334
41.3687966880327
40.5607649288751
40.7201012372513
39.843295894623
40.710476069233
41.1059086401448
41.2339633966302
41.8465818415553
41.588974001779
41.5765594787718
41.8471193204461
42.3046913663415
40.6645013371134
40.5753413507128
39.2722122705567
40.8473315079062
40.7914431099611
38.4943510959619
42.052511837212
42.6660299913932
40.9946873763206
41.8052246076432
40.7735923890868
42.0461936477616
40.6712178932665
41.2307425664509
38.8120422631286
42.4024721150531
40.017613405615
42.0446182407195
42.7420551742363
41.7025294755701
41.8702817849674
40.7582916326375
41.857574657744
40.0984678714391
40.0014289853889
39.0923503603654
41.6979694078059
41.0719772073955
40.8204409135293
40.8733035884001
43.5374761676665
40.2213636677943
39.3818429457484
40.6554678643194
41.5999804282209
41.3012143525366
41.8455057221086
40.7843336948069
41.4679993906344
42.231377109666
39.7357042773472
41.8500170571385
39.1154993667764
39.0538804478107
40.1965271939924
38.8699958145718
40.893212897206
39.7140309201553
39.7597491355023
40.1212206211222
41.6320412074916
40.4009476627204
40.1962551739121
42.4377777229364
41.1189813083793
41.758225061268
41.3012357134247
38.7823385655172
39.2486678216908
39.8836551656716
40.0553598318946
42.239229502152
42.0481953336526
40.1255334699967
40.9012816803539
40.3150990047387
42.3309381918964
41.9744911129723
40.9224468048094
40.1069360356059
40.2588387164474
39.374645872152
40.2344854097067
40.6226249422324
40.7434349882988
41.348857775237
41.0841040494656
41.0645941270379
41.3281097654002
41.7786895085066
40.131559776237
40.0355133805068
38.7255518733682
40.2938933493195
40.2312825333307
37.9275241168788
41.4790751379018
42.0860409150478
40.4082039213644
41.212305421933
40.174296764047
41.4405815124554
40.0593498084027
40.612679718328
38.1878464575165
41.7722057710121
39.3813395492544
41.4024004988946
42.0939577681861
41.0486172144952
41.2106200595489
40.0929464084983
41.186612468852
39.4219558134542
39.319434708953
38.4049420643379
41.0052158324434
40.3739476274784
40.1172051314338
40.1649319271184
42.8240394637745
39.5029332643678
38.6584906852291
39.9272660813306
40.8670019423339
40.5635324609893
41.1031941924754
40.0374667576222
40.7166517319695
41.4756238636607
38.9756210186962
41.0856797935343
38.3469845313084
38.2812648913222
39.419888177395
38.08941100112
40.1087603447306
38.925789073258
38.9677968177108
39.3256370270084
40.8329058947519
39.5983405442201
39.3902565096943
41.6284681121958
40.3064416814025
40.9425366713407
40.482480128706
37.9605976608834
38.4240237705475
39.0561904317368
39.2251571609521
41.4063719137771
41.21276611291
39.2876161591123
40.0609600703606
39.4724571270972
41.4860603100923
41.1274617140896
40.0733505910822
39.255857915948
39.4058637979616
38.5198594516193
39.3779729650568
39.7644721239961
39.8837276110427
40.4876818089824
40.2215456110915
40.2007394716694
40.4630452777828
40.9125016943683
39.2643352536374
39.1673388711754
37.8565141940326
39.4240794030233
39.3607793007438
37.056418647599
40.60745454175
41.2139923533574
39.5358145982649
40.3396625756296
39.3014876580972
40.5676934270423
39.1864700316076
39.7398955374012
37.3152451501486
40.8998745966068
38.5093657402022
40.5308712518498
41.2229602353471
40.1782384948895
40.3409471903231
39.2240663562146
40.3186121207915
38.5549219689284
38.4534540706238
37.5401012295476
40.1416012845547
39.5116457272265
39.2563021082901
39.3055138706678
41.9661923151064
38.6467428074822
37.8040425384583
39.0746456887771
40.0162945653266
39.7148231695568
40.2565678568397
39.1930080397114
39.8744450769516
40.6357534914993
38.1381709157287
40.2507337040731
37.5146259492667
37.4515770518645
38.5929540486139
37.2653132757393
39.2875814318361
38.1076110900566
38.1527015813191
38.5137060462707
40.0242203620897
38.7929813275127
38.5883041441924
40.8300027924675
39.5115432533145
40.1512846240733
39.6949535868046
37.176875376346
37.6441841149494
38.2803113883936
38.4533163171216
40.6386464529005
40.4492328068937
38.5283513606506
39.3060397053006
38.7219566868462
40.7400548440691
40.3860258222191
39.3365584163356
38.5237831369289
38.6785796215378
37.7974386056023
38.6604876909293
39.0519941696875
39.1763282237548
39.7854317280645
39.5245150609664
39.5089981548111
39.7766623677468
40.2315458288735
38.5888745277028
38.4974408303109
37.1922458274839
38.7655071370736
38.7079689920708
36.4094355766895
39.9663634063721
40.5788572620903
38.9066990640884
39.716629509573
38.6845993629478
39.9570115911156
38.5820557225783
39.1418091961965
36.7235465849043
40.3146229766862
37.9306195902797
39.958688446058
40.6573979914898
39.6193533687198
39.7887950698879
38.6787024562658
39.7800909772646
38.023297433489
37.9287793052825
37.0224287013436
39.6309827603095
39.0081322683669
38.7599440657425
38.8163608798228
41.4842932908555
38.1721459393263
37.3367952856885
38.6147947757295
39.5638859767092
39.2699021458515
39.8191788897781
38.7631948678256
39.4522506812008
40.2212200909711
37.7313399634178
39.8516458827357
37.1233211673524
37.0680944395253
38.2173319537915
36.8975892603302
38.9277922679354
37.7557927562808
37.8088892592084
38.1779341167709
39.6965224021139
38.4733901065838
38.2768516211661
40.5267201123367
39.2164607440944
39.8644317937689
39.41635912046
36.9065671331755
37.3821891255522
38.0266558520503
38.2080255991744
40.4017450822168
40.2207444734131
38.3082989130161
39.0944451485736
38.5188411803061
40.5454386990971
40.1999285002677
39.1589985269819
38.3547784360138
38.5181470093905
37.6455941253505
38.5172465268943
38.9173706458665
39.0503358023879
39.6680830082888
39.4158217775562
39.4089711770041
39.6853116981574
40.1488806024926
38.5149030109842
38.4321704203445
37.1356830512564
38.7176576508154
38.6688375806907
36.3790261532961
39.9446790118822
40.5659000649255
38.9024703599575
39.7211297213429
38.6978280406011
39.9789674117956
38.6127364907211
39.1812118437509
36.7716671716384
40.3714566905815
37.996160748012
40.0329304935663
40.7403335046312
39.710974054012
39.8890917653388
38.7876651322894
39.8977087376842
38.1495585166264
38.0636710851347
37.165937688845
39.783094604681
39.1688317585508
38.9292151319237
38.9941865950357
41.6706558726767
38.367026751653
37.5401748406019
38.8266527354436
39.7842011556045
39.4986525125938
40.0563415695212
39.0087461444994
39.706165999882
40.4834740603396
38.0019063582952
40.1304976467079
37.4104304154754
37.3634324611135
38.5208692152889
37.2092954082637
39.2476361319498
38.0837423522563
38.1449117924587
38.5219959853227
40.0485892000671
38.8334266275519
38.6448218617971
40.9025872759131
39.6001872442131
40.2559792580998
39.8156883945827
37.3136382844955
37.7969614472936
38.4490878673266
38.638075065136
40.8393689942756
40.6658990695425
38.7609396781275
39.5545268189676
38.9863177481991
41.0202634172219
40.6820538865481
39.6483763692811
38.8513597969554
39.0218822312522
38.1564328350298
39.0351376409461
39.4422623756109
39.5821756590893
40.2068178084048
39.9613976480556
39.9613335607547
40.244405359381
40.7146496322889
39.0872908329218
39.0111197961182
37.7211360864111
39.3095558005353
39.2671216556542
36.9836363255943
40.5555548210018
41.1829804237944
39.5256935610542
40.3504334428666
39.3331493527041
40.6202427828761
39.2599017937764
39.8342023627899
37.4304176081535
41.0359011700779
38.6662328265956
40.7085631645875
41.4214592053859
40.3975246724978
40.5809986470659
39.4848590871463
40.6001200468564
38.8571169395684
38.7763058665937
37.8835775659367
40.5056678140158
39.8962660434099
39.6614377494847
39.7311243236472
42.4122350191799
39.1131731587511
38.2908138942761
39.581709372414
40.5435998708367
40.262317366849
40.8241961969505
39.7807137602798
40.4821694078953
41.2634356608916
38.7857481558759
40.9181412577907
38.2017970763555
38.1584430357844
39.3194442033556
38.0113549528928
40.0531000278553
38.8925300537198
38.956942421384
39.3371883393236
40.8668617605875
39.6546975680178
39.4690090557987
41.7296083054179
40.4299594078073
41.0884195792584
40.6507136299675
38.1511649322787
38.6369057555083
39.291365842242
39.4826024796565
